date,open,close,high,low,volume,money
2005-01-04,0.94,0.93,0.94,0.93,1376212.0,1286250.0
2005-01-05,0.93,0.95,0.95,0.93,1443980.0,1357153.0
2005-01-06,0.95,0.94,0.95,0.93,791502.0,740345.0
2005-01-07,0.93,0.93,0.95,0.93,2403313.0,2253465.0
2005-01-10,0.93,0.94,0.94,0.92,1208344.0,1124229.0
2005-01-11,0.93,0.92,0.94,0.92,2903734.0,2684147.0
2005-01-12,0.93,0.91,0.93,0.86,10353396.0,9215027.0
2005-01-13,0.9,0.9,0.9,0.89,4733120.0,4228935.0
2005-01-14,0.9,0.88,0.91,0.87,3768032.0,3381295.0
2005-01-17,0.87,0.85,0.87,0.85,2446205.0,2107487.0
2005-01-18,0.85,0.87,0.87,0.85,4356311.0,3729843.0
2005-01-19,0.86,0.85,0.87,0.85,2107684.0,1797978.0
2005-01-20,0.85,0.83,0.86,0.82,3538585.0,2942438.0
2005-01-21,0.82,0.86,0.87,0.82,5553770.0,4718254.0
2005-01-24,0.88,0.95,0.95,0.88,28670028.0,26769406.0
2005-01-25,0.94,0.96,0.96,0.92,26575054.0,25113624.0
2005-01-26,0.96,0.95,0.98,0.94,13370797.0,12805478.0
2005-01-27,0.94,0.92,0.94,0.92,7263789.0,6730506.0
2005-01-28,0.92,0.92,0.93,0.89,4788713.0,4378291.0
2005-01-31,0.92,0.91,0.92,0.89,2669444.0,2412335.0
2005-02-01,0.9,0.92,0.95,0.9,9784247.0,9138534.0
2005-02-02,0.93,1.01,1.01,0.92,22162763.0,21587555.0
2005-02-03,1.01,0.96,1.01,0.96,16293882.0,15955875.0
2005-02-04,0.96,0.98,0.99,0.95,11579533.0,11329371.0
2005-02-16,1.0,0.97,1.01,0.97,5989383.0,5893325.0
2005-02-17,0.96,0.97,0.97,0.95,5147988.0,4922623.0
2005-02-18,0.96,0.96,0.98,0.96,3931582.0,3813657.0
2005-02-21,0.97,1.0,1.0,0.96,6805559.0,6719878.0
2005-02-22,1.0,1.03,1.04,0.98,12754311.0,12976457.0
2005-02-23,1.03,1.02,1.04,1.0,11249443.0,11503582.0
2005-02-24,1.02,1.02,1.02,1.0,6679670.0,6760015.0
2005-02-25,1.02,1.0,1.04,1.0,9868813.0,10080969.0
2005-02-28,1.0,1.01,1.03,1.0,4336903.0,4383082.0
2005-03-01,1.0,0.99,1.01,0.98,4850284.0,4812039.0
2005-03-02,1.0,0.97,1.0,0.97,3835155.0,3782031.0
2005-03-03,0.96,0.97,0.97,0.96,3890517.0,3743097.0
2005-03-04,0.97,0.96,0.98,0.96,2814242.0,2719808.0
2005-03-07,0.96,0.96,0.97,0.95,1924874.0,1851623.0
2005-03-08,0.97,1.0,1.01,0.96,4825637.0,4780992.0
2005-03-09,1.0,1.01,1.01,0.99,4454629.0,4456456.0
2005-03-10,1.01,0.97,1.01,0.96,4297849.0,4238759.0
2005-03-11,0.97,0.97,0.98,0.96,3490196.0,3385167.0
2005-03-14,0.97,0.94,0.98,0.93,6343907.0,5997980.0
2005-03-15,0.94,0.92,0.95,0.92,3750755.0,3513081.0
2005-03-16,0.92,0.93,0.96,0.92,3973699.0,3750033.0
2005-03-17,0.93,0.94,0.96,0.93,3235244.0,3058424.0
2005-03-18,0.94,0.98,0.98,0.94,8947640.0,8662298.0
2005-03-21,0.98,1.02,1.03,0.98,17238097.0,17411488.0
2005-03-22,1.02,1.02,1.03,0.98,11262679.0,11347198.0
2005-03-23,1.02,1.02,1.06,1.01,13433677.0,13950331.0
2005-03-24,1.01,1.08,1.08,1.01,27262067.0,28964193.0
2005-03-25,1.12,1.08,1.13,1.08,31840077.0,34995100.0
2005-03-28,1.08,1.09,1.1,1.07,11967688.0,12967234.0
2005-03-29,1.09,1.06,1.11,1.06,9837350.0,10695968.0
2005-03-30,1.04,1.01,1.05,1.0,10305413.0,10523401.0
2005-03-31,1.0,1.03,1.04,1.0,4708621.0,4835074.0
2005-04-01,0.99,1.1,1.13,0.99,15809336.0,17002892.0
2005-04-04,1.08,1.11,1.14,1.07,15836077.0,17550168.0
2005-04-05,1.1,1.09,1.12,1.09,5795504.0,6396150.0
2005-04-06,1.09,1.14,1.15,1.09,14217791.0,16042637.0
2005-04-07,1.14,1.13,1.16,1.13,14886171.0,17009120.0
2005-04-08,1.13,1.14,1.15,1.11,8152042.0,9223287.0
2005-04-11,1.14,1.12,1.15,1.12,10500786.0,11846880.0
2005-04-12,1.12,1.12,1.15,1.11,7249778.0,8168850.0
2005-04-13,1.14,1.14,1.17,1.13,8917551.0,10214261.0
2005-04-14,1.13,1.17,1.18,1.11,18817762.0,21881599.0
2005-04-15,1.17,1.16,1.19,1.15,13087795.0,15363308.0
2005-04-18,1.16,1.16,1.17,1.14,6292115.0,7251286.0
2005-04-19,1.16,1.15,1.17,1.15,3167060.0,3659637.0
2005-04-20,1.15,1.12,1.18,1.11,7012915.0,7959272.0
2005-04-21,1.11,1.13,1.14,1.09,6611514.0,7388264.0
2005-04-22,1.13,1.11,1.13,1.09,8197313.0,9080436.0
2005-04-25,1.11,1.11,1.11,1.11,0.0,0.0
2005-04-26,1.1,1.15,1.17,1.08,14447487.0,16628182.0
2005-04-27,1.17,1.15,1.19,1.15,9450283.0,11089282.0
2005-04-28,1.15,1.19,1.21,1.14,16328924.0,19269557.0
2005-04-29,1.19,1.18,1.2,1.17,7617290.0,9056617.0
2005-05-09,1.19,1.18,1.19,1.15,5049218.0,5911688.0
2005-05-10,1.16,1.12,1.17,1.1,8723017.0,9738894.0
2005-05-11,1.12,1.13,1.16,1.11,4832657.0,5509610.0
2005-05-12,1.11,1.09,1.12,1.08,6659175.0,7308070.0
2005-05-13,1.09,1.1,1.12,1.09,2762597.0,3039785.0
2005-05-16,1.09,1.09,1.1,1.08,2344741.0,2564439.0
2005-05-17,1.1,1.11,1.13,1.08,2308684.0,2568887.0
2005-05-18,1.11,1.13,1.13,1.1,2113172.0,2354592.0
2005-05-19,1.11,1.14,1.15,1.11,2620695.0,2977767.0
2005-05-20,1.15,1.15,1.16,1.13,2964907.0,3404843.0
2005-05-23,1.14,1.12,1.14,1.09,2812997.0,3125268.0
2005-05-24,1.12,1.13,1.14,1.1,1960589.0,2199964.0
2005-05-25,1.12,1.15,1.15,1.1,4043645.0,4562718.0
2005-05-26,1.14,1.13,1.15,1.1,3573949.0,4007321.0
2005-05-27,1.11,1.11,1.14,1.09,5201450.0,5792145.0
2005-05-30,1.09,1.07,1.1,1.04,8136103.0,8658089.0
2005-05-31,1.07,1.04,1.07,1.04,2241432.0,2355508.0
2005-06-01,1.04,1.03,1.05,1.0,4758468.0,4875090.0
2005-06-02,1.02,1.03,1.05,0.98,5140581.0,5184680.0
2005-06-03,1.02,1.03,1.04,1.0,6461412.0,6640710.0
2005-06-06,1.03,1.04,1.04,1.0,1408459.0,1447394.0
2005-06-07,1.05,1.03,1.07,1.03,2663246.0,2792493.0
2005-06-08,1.03,1.13,1.14,1.03,9476655.0,10492837.0
2005-06-09,1.14,1.23,1.25,1.13,17365923.0,20928863.0
2005-06-10,1.23,1.24,1.26,1.21,12765555.0,15800645.0
2005-06-13,1.25,1.22,1.26,1.17,13182046.0,16047482.0
2005-06-14,1.21,1.11,1.22,1.11,7290257.0,8575272.0
2005-06-15,1.12,1.17,1.18,1.11,10259444.0,11885463.0
2005-06-16,1.17,1.21,1.22,1.16,8318044.0,9893866.0
2005-06-17,1.23,1.3,1.32,1.23,22439429.0,28772263.0
2005-06-20,1.3,1.3,1.3,1.3,0.0,0.0
2005-06-21,1.3,1.3,1.3,1.3,0.0,0.0
2005-06-22,1.3,1.3,1.3,1.3,0.0,0.0
2005-06-23,1.3,1.3,1.3,1.3,0.0,0.0
2005-06-24,1.3,1.3,1.3,1.3,0.0,0.0
2005-06-27,1.3,1.3,1.3,1.3,0.0,0.0
2005-06-28,1.43,1.43,1.43,1.43,504544.0,719349.0
2005-06-29,1.57,1.47,1.57,1.44,48137050.0,72997492.0
2005-06-30,1.43,1.41,1.45,1.4,15518557.0,22205240.0
2005-07-01,1.39,1.43,1.47,1.39,14399638.0,20718897.0
2005-07-04,1.41,1.47,1.47,1.41,7894781.0,11396939.0
2005-07-05,1.46,1.43,1.47,1.41,7784480.0,11223400.0
2005-07-06,1.44,1.39,1.46,1.38,7586331.0,10747120.0
2005-07-07,1.39,1.37,1.4,1.34,7496638.0,10284642.0
2005-07-08,1.37,1.37,1.39,1.35,4796486.0,6582653.0
2005-07-11,1.43,1.4,1.45,1.39,7339908.0,10405132.0
2005-07-12,1.39,1.47,1.5,1.38,13241153.0,19206485.0
2005-07-13,1.47,1.44,1.48,1.44,8058160.0,11738661.0
2005-07-14,1.44,1.46,1.47,1.44,6062911.0,8834820.0
2005-07-15,1.47,1.44,1.47,1.43,5568996.0,8052842.0
2005-07-18,1.44,1.44,1.45,1.43,9067058.0,13074778.0
2005-07-19,1.44,1.43,1.46,1.39,12038842.0,16975226.0
2005-07-20,1.43,1.43,1.43,1.43,0.0,0.0
2005-07-21,1.43,1.43,1.43,1.43,0.0,0.0
2005-07-22,1.43,1.43,1.43,1.43,0.0,0.0
2005-07-25,1.43,1.43,1.43,1.43,0.0,0.0
2005-07-26,1.43,1.43,1.43,1.43,0.0,0.0
2005-07-27,1.43,1.43,1.43,1.43,0.0,0.0
2005-07-28,1.43,1.43,1.43,1.43,0.0,0.0
2005-07-29,1.43,1.43,1.43,1.43,0.0,0.0
2005-08-01,1.43,1.43,1.43,1.43,0.0,0.0
2005-08-02,1.43,1.43,1.43,1.43,0.0,0.0
2005-08-03,1.43,1.43,1.43,1.43,0.0,0.0
2005-08-04,1.43,1.43,1.43,1.43,0.0,0.0
2005-08-05,1.43,1.43,1.43,1.43,0.0,0.0
2005-08-08,1.43,1.43,1.43,1.43,0.0,0.0
2005-08-09,1.43,1.43,1.43,1.43,0.0,0.0
2005-08-10,1.43,1.43,1.43,1.43,0.0,0.0
2005-08-11,1.43,1.43,1.43,1.43,0.0,0.0
2005-08-12,1.43,1.43,1.43,1.43,0.0,0.0
2005-08-15,1.43,1.43,1.43,1.43,0.0,0.0
2005-08-16,1.43,1.43,1.43,1.43,0.0,0.0
2005-08-17,1.43,1.43,1.43,1.43,0.0,0.0
2005-08-18,1.43,1.43,1.43,1.43,0.0,0.0
2005-08-19,1.43,1.43,1.43,1.43,0.0,0.0
2005-08-22,1.43,1.43,1.43,1.43,0.0,0.0
2005-08-23,1.43,1.43,1.43,1.43,0.0,0.0
2005-08-24,1.43,1.43,1.43,1.43,0.0,0.0
2005-08-25,1.43,1.43,1.43,1.43,0.0,0.0
2005-08-26,1.43,1.43,1.43,1.43,0.0,0.0
2005-08-29,1.43,1.43,1.43,1.43,0.0,0.0
2005-08-30,1.43,1.43,1.43,1.43,0.0,0.0
2005-08-31,1.43,1.43,1.43,1.43,0.0,0.0
2005-09-01,1.43,1.43,1.43,1.43,0.0,0.0
2005-09-02,1.43,1.43,1.43,1.43,0.0,0.0
2005-09-05,1.43,1.43,1.43,1.43,0.0,0.0
2005-09-06,1.43,1.43,1.43,1.43,0.0,0.0
2005-09-07,1.43,1.43,1.43,1.43,0.0,0.0
2005-09-08,1.61,1.52,1.63,1.46,47798587.0,72968816.0
2005-09-09,1.5,1.46,1.5,1.46,14669371.0,21638946.0
2005-09-12,1.48,1.46,1.48,1.44,6038335.0,8756258.0
2005-09-13,1.46,1.47,1.47,1.44,9809666.0,14274193.0
2005-09-14,1.47,1.46,1.47,1.45,10738149.0,15672526.0
2005-09-15,1.45,1.45,1.48,1.45,7121001.0,10401008.0
2005-09-16,1.46,1.48,1.49,1.45,8498727.0,12487535.0
2005-09-19,1.5,1.55,1.56,1.48,19800327.0,30367631.0
2005-09-20,1.57,1.66,1.71,1.57,38088605.0,63039669.0
2005-09-21,1.67,1.61,1.68,1.61,18776841.0,30708127.0
2005-09-22,1.6,1.51,1.6,1.5,13688439.0,21130404.0
2005-09-23,1.51,1.54,1.56,1.51,11190263.0,17165242.0
2005-09-26,1.54,1.58,1.61,1.54,10360729.0,16403112.0
2005-09-27,1.59,1.52,1.6,1.51,8617682.0,13265731.0
2005-09-28,1.52,1.48,1.53,1.48,6481257.0,9778926.0
2005-09-29,1.47,1.51,1.52,1.47,6418472.0,9622358.0
2005-09-30,1.51,1.52,1.54,1.48,7750896.0,11771883.0
2005-10-10,1.51,1.52,1.54,1.51,4293857.0,6549096.0
2005-10-11,1.51,1.56,1.57,1.51,6185032.0,9569608.0
2005-10-12,1.57,1.58,1.6,1.53,9775572.0,15428922.0
2005-10-13,1.61,1.57,1.62,1.57,11908651.0,18951424.0
2005-10-14,1.57,1.57,1.59,1.56,7699921.0,12127771.0
2005-10-17,1.57,1.56,1.57,1.53,5670649.0,8765503.0
2005-10-18,1.56,1.59,1.6,1.55,12373984.0,19618695.0
2005-10-19,1.59,1.54,1.59,1.54,8340966.0,13040754.0
2005-10-20,1.54,1.52,1.55,1.48,8070876.0,12227616.0
2005-10-21,1.52,1.51,1.54,1.5,4686170.0,7095985.0
2005-10-24,1.51,1.52,1.53,1.49,4513998.0,6794991.0
2005-10-25,1.52,1.5,1.53,1.5,3187872.0,4786755.0
2005-10-26,1.47,1.36,1.47,1.36,13493844.0,18849988.0
2005-10-27,1.36,1.35,1.36,1.32,5010855.0,6717346.0
2005-10-28,1.35,1.26,1.35,1.22,7939000.0,10115208.0
2005-10-31,1.24,1.29,1.31,1.24,5731689.0,7312363.0
2005-11-01,1.29,1.25,1.29,1.22,3664888.0,4563341.0
2005-11-02,1.26,1.28,1.29,1.26,4116934.0,5256998.0
2005-11-03,1.29,1.26,1.29,1.25,3839932.0,4847527.0
2005-11-04,1.26,1.3,1.31,1.24,6625784.0,8531521.0
2005-11-07,1.3,1.3,1.32,1.27,5860486.0,7601260.0
2005-11-08,1.3,1.32,1.32,1.28,4357915.0,5694041.0
2005-11-09,1.31,1.34,1.39,1.31,11336574.0,15389976.0
2005-11-10,1.34,1.33,1.36,1.32,7022424.0,9403745.0
2005-11-11,1.32,1.3,1.32,1.27,5480909.0,7121510.0
2005-11-14,1.3,1.29,1.3,1.27,2436672.0,3113222.0
2005-11-15,1.32,1.27,1.32,1.27,2420891.0,3117797.0
2005-11-16,1.28,1.28,1.28,1.23,3624739.0,4536504.0
2005-11-17,1.27,1.26,1.28,1.26,2193768.0,2774912.0
2005-11-18,1.26,1.31,1.33,1.25,9522715.0,12396868.0
2005-11-21,1.31,1.33,1.35,1.31,6613596.0,8821667.0
2005-11-22,1.33,1.3,1.35,1.3,4683994.0,6169163.0
2005-11-23,1.29,1.32,1.33,1.28,5336424.0,7046247.0
2005-11-24,1.33,1.32,1.35,1.31,4873201.0,6504908.0
2005-11-25,1.33,1.33,1.34,1.32,3327020.0,4414105.0
2005-11-28,1.33,1.32,1.34,1.31,1693835.0,2237709.0
2005-11-29,1.33,1.33,1.36,1.33,5762156.0,7732244.0
2005-11-30,1.34,1.41,1.43,1.34,19561966.0,27095761.0
2005-12-01,1.42,1.36,1.42,1.35,9033229.0,12415575.0
2005-12-02,1.35,1.37,1.37,1.33,4777804.0,6458761.0
2005-12-05,1.35,1.31,1.36,1.31,4805515.0,6379043.0
2005-12-06,1.3,1.28,1.32,1.26,3273327.0,4239914.0
2005-12-07,1.29,1.3,1.31,1.28,1999732.0,2582825.0
2005-12-08,1.3,1.3,1.32,1.29,1531331.0,1987547.0
2005-12-09,1.29,1.33,1.33,1.29,3092414.0,4075413.0
2005-12-12,1.33,1.33,1.34,1.32,2686438.0,3574393.0
2005-12-13,1.34,1.32,1.34,1.3,2931831.0,3846265.0
2005-12-14,1.32,1.33,1.34,1.3,2995199.0,3966434.0
2005-12-15,1.33,1.32,1.35,1.32,2846839.0,3794854.0
2005-12-16,1.32,1.35,1.36,1.31,3466873.0,4627137.0
2005-12-19,1.33,1.35,1.36,1.33,3793769.0,5125301.0
2005-12-20,1.35,1.34,1.36,1.33,2554338.0,3420160.0
2005-12-21,1.34,1.33,1.35,1.32,3689592.0,4922074.0
2005-12-22,1.32,1.34,1.35,1.32,2998298.0,4005899.0
2005-12-23,1.34,1.35,1.35,1.33,2805246.0,3758476.0
2005-12-26,1.36,1.35,1.36,1.34,3360867.0,4534407.0
2005-12-27,1.34,1.39,1.4,1.34,8852639.0,12202932.0
2005-12-28,1.43,1.45,1.48,1.4,18431362.0,26729398.0
2005-12-29,1.45,1.47,1.5,1.44,12642538.0,18600849.0
2005-12-30,1.47,1.44,1.5,1.44,7380018.0,10816171.0
2006-01-04,1.43,1.45,1.46,1.43,6127854.0,8881156.0
2006-01-05,1.45,1.47,1.48,1.43,7727049.0,11296808.0
2006-01-06,1.47,1.47,1.48,1.45,6675671.0,9780586.0
2006-01-09,1.47,1.52,1.53,1.47,12720297.0,19076165.0
2006-01-10,1.52,1.5,1.52,1.49,5744186.0,8638854.0
2006-01-11,1.5,1.48,1.51,1.47,7229482.0,10743357.0
2006-01-12,1.48,1.56,1.58,1.48,14930881.0,23070641.0
2006-01-13,1.57,1.58,1.58,1.53,12221812.0,19097432.0
2006-01-16,1.58,1.59,1.64,1.57,13788386.0,22231377.0
2006-01-17,1.58,1.6,1.62,1.57,8457470.0,13540770.0
2006-01-18,1.6,1.63,1.63,1.6,7063029.0,11469078.0
2006-01-19,1.63,1.63,1.65,1.61,6085895.0,9877941.0
2006-01-20,1.63,1.6,1.64,1.6,6202326.0,9997071.0
2006-01-23,1.6,1.64,1.66,1.6,6036575.0,9829975.0
2006-01-24,1.64,1.61,1.65,1.61,4842882.0,7841826.0
2006-01-25,1.61,1.61,1.62,1.55,9420622.0,14907289.0
2006-02-06,1.61,1.68,1.7,1.59,10968000.0,18291352.0
2006-02-07,1.68,1.64,1.68,1.63,6935730.0,11413812.0
2006-02-08,1.63,1.63,1.65,1.6,4575768.0,7391567.0
2006-02-09,1.63,1.6,1.63,1.6,4106729.0,6601919.0
2006-02-10,1.61,1.63,1.64,1.6,4175242.0,6763735.0
2006-02-13,1.63,1.62,1.65,1.59,5853558.0,9456310.0
2006-02-14,1.63,1.63,1.63,1.58,5914622.0,9517994.0
2006-02-15,1.64,1.66,1.7,1.64,9991089.0,16758168.0
2006-02-16,1.66,1.59,1.68,1.59,5300689.0,8563949.0
2006-02-17,1.58,1.59,1.63,1.58,3206517.0,5118527.0
2006-02-20,1.58,1.49,1.58,1.49,5667955.0,8654269.0
2006-02-21,1.5,1.54,1.54,1.5,3749791.0,5737688.0
2006-02-22,1.53,1.52,1.55,1.51,2407344.0,3698135.0
2006-02-23,1.52,1.53,1.53,1.51,1272229.0,1931174.0
2006-02-24,1.53,1.53,1.53,1.53,0.0,0.0
2006-02-27,1.55,1.52,1.55,1.51,2994207.0,4579980.0
2006-02-28,1.52,1.53,1.53,1.5,1587663.0,2414052.0
2006-03-01,1.53,1.54,1.54,1.51,2444441.0,3734797.0
2006-03-02,1.53,1.49,1.53,1.48,2198701.0,3319583.0
2006-03-03,1.49,1.51,1.52,1.45,3017348.0,4473703.0
2006-03-06,1.51,1.47,1.51,1.47,1789610.0,2655752.0
2006-03-07,1.47,1.4,1.47,1.39,4590553.0,6515849.0
2006-03-08,1.39,1.4,1.41,1.37,1596995.0,2218405.0
2006-03-09,1.38,1.4,1.41,1.38,1187310.0,1657550.0
2006-03-10,1.39,1.4,1.41,1.39,853957.0,1196863.0
2006-03-13,1.4,1.41,1.41,1.39,1124977.0,1577456.0
2006-03-14,1.41,1.4,1.41,1.39,881386.0,1233212.0
2006-03-15,1.39,1.41,1.42,1.39,1979378.0,2786109.0
2006-03-16,1.42,1.43,1.43,1.4,1521979.0,2160491.0
2006-03-17,1.44,1.43,1.44,1.4,1093380.0,1554381.0
2006-03-20,1.43,1.44,1.44,1.41,2292511.0,3273982.0
2006-03-21,1.44,1.44,1.47,1.44,2765517.0,4028689.0
2006-03-22,1.44,1.53,1.53,1.44,8565588.0,12916460.0
2006-03-23,1.53,1.54,1.54,1.51,2954150.0,4515762.0
2006-03-24,1.54,1.53,1.54,1.5,2600458.0,3956565.0
2006-03-27,1.54,1.54,1.55,1.5,2622341.0,4008564.0
2006-03-28,1.54,1.55,1.56,1.52,5220757.0,8079621.0
2006-03-29,1.55,1.53,1.55,1.51,3314673.0,5084247.0
2006-03-30,1.53,1.5,1.53,1.48,3712637.0,5553121.0
2006-03-31,1.5,1.52,1.52,1.48,2364983.0,3548609.0
2006-04-03,1.53,1.58,1.58,1.53,7617916.0,11891391.0
2006-04-04,1.58,1.61,1.63,1.58,7649980.0,12291424.0
2006-04-05,1.6,1.61,1.62,1.59,6671553.0,10717293.0
2006-04-06,1.61,1.68,1.76,1.61,23210892.0,39163783.0
2006-04-07,1.68,1.68,1.7,1.65,8922560.0,14946049.0
2006-04-10,1.69,1.75,1.8,1.69,10532712.0,18488861.0
2006-04-11,1.77,1.75,1.8,1.71,6684158.0,11729239.0
2006-04-12,1.75,1.77,1.81,1.75,8700910.0,15529034.0
2006-04-13,1.79,1.72,1.8,1.71,11271126.0,19667401.0
2006-04-14,1.7,1.83,1.83,1.68,12403891.0,21531735.0
2006-04-17,1.83,1.86,1.89,1.79,14377599.0,26607512.0
2006-04-18,1.88,1.86,1.89,1.84,8412157.0,15662873.0
2006-04-19,1.87,1.83,1.87,1.78,7637325.0,13978619.0
2006-04-20,1.83,1.79,1.83,1.77,5506809.0,9870478.0
2006-04-21,1.79,1.86,1.89,1.78,10041023.0,18530000.0
2006-04-24,1.86,1.78,1.87,1.77,9351172.0,16891942.0
2006-04-25,1.75,1.73,1.77,1.7,8263693.0,14364603.0
2006-04-26,1.73,1.73,1.73,1.73,0.0,0.0
2006-04-27,1.79,1.77,1.86,1.75,8461974.0,15187873.0
2006-04-28,1.74,1.91,1.95,1.74,22850881.0,43083657.0
2006-05-08,1.98,1.96,1.98,1.92,16928167.0,33189752.0
2006-05-09,1.96,2.01,2.07,1.93,16101704.0,32121657.0
2006-05-10,2.01,2.05,2.12,1.97,12712154.0,26086124.0
2006-05-11,2.04,2.03,2.1,2.01,15051071.0,30847740.0
2006-05-12,2.0,2.07,2.14,2.0,14061413.0,29011224.0
2006-05-15,2.07,2.07,2.07,2.07,0.0,0.0
2006-05-16,2.16,2.03,2.19,2.03,19090295.0,40511389.0
2006-05-17,2.02,2.05,2.09,2.0,10149449.0,20694589.0
2006-05-18,2.03,2.07,2.08,2.0,7032030.0,14400913.0
2006-05-19,2.07,2.19,2.22,2.07,17604934.0,38176852.0
2006-05-22,2.22,2.24,2.33,2.22,17109875.0,38837099.0
2006-05-23,2.2,2.05,2.22,2.05,12999827.0,27820908.0
2006-05-24,2.07,2.02,2.14,1.96,10387914.0,21058955.0
2006-05-25,2.04,2.05,2.07,2.0,5499615.0,11210631.0
2006-05-26,2.07,2.11,2.13,2.06,6399978.0,13460231.0
2006-05-29,2.12,2.21,2.22,2.12,10521971.0,22988943.0
2006-05-30,2.22,2.18,2.25,2.15,7160236.0,15618224.0
2006-05-31,2.18,2.16,2.22,2.14,8579706.0,18664769.0
2006-06-01,2.17,2.28,2.3,2.17,16166272.0,36458397.0
2006-06-02,2.31,2.37,2.43,2.24,16175631.0,37506844.0
2006-06-05,2.38,2.47,2.48,2.36,13666776.0,33349686.0
2006-06-06,2.48,2.39,2.48,2.37,9919868.0,23866930.0
2006-06-07,2.44,2.31,2.5,2.27,12886109.0,30881803.0
2006-06-08,2.27,2.33,2.36,2.18,10711349.0,24469566.0
2006-06-09,2.34,2.44,2.48,2.3,16391480.0,39263924.0
2006-06-12,2.44,2.38,2.46,2.38,10867431.0,26154222.0
2006-06-13,2.37,2.44,2.47,2.29,7838151.0,18900225.0
2006-06-14,2.43,2.42,2.43,2.31,5608343.0,13284106.0
2006-06-15,2.39,2.4,2.46,2.38,5749559.0,13870370.0
2006-06-16,2.42,2.5,2.52,2.4,12629019.0,31241289.0
2006-06-19,2.51,2.49,2.57,2.44,12927199.0,32660797.0
2006-06-20,2.47,2.45,2.48,2.4,9193466.0,22458679.0
2006-06-21,2.47,2.43,2.47,2.4,6545080.0,15908120.0
2006-06-22,2.41,2.37,2.44,2.36,7125277.0,17020041.0
2006-06-23,2.37,2.44,2.45,2.34,7871953.0,18897817.0
2006-06-26,2.43,2.46,2.54,2.42,9507547.0,23644030.0
2006-06-27,2.46,2.44,2.49,2.42,5590592.0,13661536.0
2006-06-28,2.42,2.45,2.49,2.42,4252444.0,10412060.0
2006-06-29,2.46,2.49,2.54,2.45,11256534.0,28091380.0
2006-06-30,2.5,2.62,2.66,2.49,23117677.0,59680093.0
2006-07-03,2.62,2.65,2.68,2.55,14289542.0,37566327.0
2006-07-04,2.66,2.57,2.66,2.55,10332202.0,26778100.0
2006-07-05,2.57,2.59,2.62,2.5,5364954.0,13651963.0
2006-07-06,2.57,2.65,2.66,2.55,8606913.0,22684517.0
2006-07-07,2.65,2.65,2.67,2.57,6950579.0,18234425.0
2006-07-10,2.63,2.61,2.65,2.57,5940805.0,15490863.0
2006-07-11,2.64,2.7,2.75,2.59,11973963.0,32205243.0
2006-07-12,2.73,2.66,2.79,2.65,10423968.0,28306760.0
2006-07-13,2.64,2.45,2.65,2.45,13481537.0,34373400.0
2006-07-14,2.41,2.47,2.53,2.41,7064230.0,17504336.0
2006-07-17,2.5,2.48,2.5,2.41,3510721.0,8600965.0
2006-07-18,2.45,2.44,2.47,2.42,5564155.0,13564976.0
2006-07-19,2.44,2.34,2.44,2.31,8271935.0,19573417.0
2006-07-20,2.31,2.35,2.38,2.3,3806069.0,8868217.0
2006-07-21,2.35,2.38,2.38,2.31,5734731.0,13480452.0
2006-07-24,2.36,2.43,2.46,2.34,7191739.0,17396107.0
2006-07-25,2.42,2.43,2.45,2.41,4681914.0,11369332.0
2006-07-26,2.43,2.43,2.45,2.4,5706405.0,13803814.0
2006-07-27,2.43,2.39,2.44,2.34,4290520.0,10315600.0
2006-07-28,2.35,2.35,2.39,2.33,3598943.0,8471314.0
2006-07-31,2.34,2.2,2.34,2.19,4458460.0,9984939.0
2006-08-01,2.19,2.14,2.24,2.12,3316805.0,7229540.0
2006-08-02,2.14,2.14,2.14,2.14,0.0,0.0
2006-08-03,2.16,2.18,2.19,2.13,2486767.0,5398656.0
2006-08-04,2.19,2.15,2.22,2.13,3141418.0,6864602.0
2006-08-07,2.13,2.17,2.2,2.13,3805944.0,8298211.0
2006-08-08,2.19,2.24,2.24,2.17,1703962.0,3744067.0
2006-08-09,2.23,2.24,2.24,2.2,1620641.0,3595086.0
2006-08-10,2.21,2.25,2.27,2.21,1757165.0,3954558.0
2006-08-11,2.25,2.26,2.26,2.22,2154070.0,4840798.0
2006-08-14,2.24,2.16,2.25,2.15,1637015.0,3577763.0
2006-08-15,2.16,2.17,2.19,2.13,1423709.0,3063353.0
2006-08-16,2.17,2.2,2.2,2.15,3166290.0,6899249.0
2006-08-17,2.2,2.15,2.2,2.14,1518622.0,3269194.0
2006-08-18,2.13,2.13,2.17,2.12,1600322.0,3416669.0
2006-08-21,2.07,2.11,2.12,2.02,1524679.0,3160686.0
2006-08-22,2.08,2.15,2.16,2.08,1460881.0,3122760.0
2006-08-23,2.15,2.15,2.19,2.14,2522885.0,5465873.0
2006-08-24,2.15,2.19,2.19,2.14,1857542.0,4033963.0
2006-08-25,2.17,2.19,2.22,2.17,1966496.0,4319172.0
2006-08-28,2.19,2.22,2.24,2.19,4059283.0,9056737.0
2006-08-29,2.25,2.29,2.32,2.24,10912053.0,25016756.0
2006-08-30,2.29,2.28,2.3,2.24,4704862.0,10670969.0
2006-08-31,2.28,2.25,2.29,2.24,3402895.0,7699261.0
2006-09-01,2.26,2.3,2.32,2.26,8687120.0,19992722.0
2006-09-04,2.3,2.42,2.46,2.29,10515584.0,25210283.0
2006-09-05,2.43,2.4,2.43,2.37,3566062.0,8547439.0
2006-09-06,2.41,2.38,2.43,2.34,3544279.0,8444511.0
2006-09-07,2.38,2.34,2.39,2.31,3854133.0,8994786.0
2006-09-08,2.34,2.36,2.39,2.32,2372581.0,5582746.0
2006-09-11,2.36,2.31,2.37,2.27,3087879.0,7131788.0
2006-09-12,2.31,2.36,2.36,2.3,2325110.0,5449853.0
2006-09-13,2.36,2.35,2.42,2.34,3762483.0,8958327.0
2006-09-14,2.35,2.32,2.36,2.29,1964758.0,4569118.0
2006-09-15,2.32,2.34,2.36,2.31,1968773.0,4606005.0
2006-09-18,2.34,2.36,2.38,2.33,3191370.0,7496833.0
2006-09-19,2.36,2.42,2.44,2.34,5971591.0,14335918.0
2006-09-20,2.41,2.42,2.45,2.38,4733498.0,11454764.0
2006-09-21,2.43,2.47,2.48,2.41,7941623.0,19429472.0
2006-09-22,2.47,2.47,2.51,2.41,6852589.0,16937347.0
2006-09-25,2.46,2.44,2.52,2.43,4812133.0,11875014.0
2006-09-26,2.46,2.44,2.51,2.44,4604214.0,11435233.0
2006-09-27,2.43,2.43,2.47,2.42,1356651.0,3294832.0
2006-09-28,2.43,2.43,2.45,2.42,3605849.0,8780585.0
2006-09-29,2.45,2.51,2.53,2.45,7621549.0,19111917.0
2006-10-09,2.54,2.48,2.54,2.47,6870175.0,17107680.0
2006-10-10,2.48,2.44,2.5,2.42,9015988.0,22019840.0
2006-10-11,2.44,2.44,2.46,2.39,5918688.0,14290534.0
2006-10-12,2.44,2.4,2.44,2.38,4499819.0,10819024.0
2006-10-13,2.38,2.39,2.42,2.38,3581797.0,8560588.0
2006-10-16,2.38,2.34,2.38,2.3,7325346.0,17149505.0
2006-10-17,2.34,2.33,2.35,2.29,4125452.0,9541808.0
2006-10-18,2.32,2.36,2.37,2.31,3057249.0,7181862.0
2006-10-19,2.37,2.36,2.38,2.33,2866229.0,6747093.0
2006-10-20,2.37,2.32,2.37,2.31,3092553.0,7199474.0
2006-10-23,2.31,2.26,2.33,2.23,4749666.0,10740838.0
2006-10-24,2.26,2.29,2.32,2.24,4121211.0,9412044.0
2006-10-25,2.29,2.3,2.33,2.27,2987585.0,6867990.0
2006-10-26,2.3,2.2,2.32,2.18,9008771.0,20137076.0
2006-10-27,2.2,2.12,2.21,2.07,5619830.0,12015587.0
2006-10-30,2.12,2.12,2.16,2.09,6286829.0,13299277.0
2006-10-31,2.12,2.2,2.2,2.12,5675331.0,12220565.0
2006-11-01,2.2,2.19,2.21,2.16,3216503.0,7020431.0
2006-11-02,2.18,2.21,2.21,2.15,2807324.0,6124293.0
2006-11-03,2.2,2.22,2.24,2.19,2701505.0,5988834.0
2006-11-06,2.2,2.17,2.22,2.17,2284228.0,5003765.0
2006-11-07,2.17,2.15,2.18,2.13,2527841.0,5422858.0
2006-11-08,2.15,2.17,2.18,2.14,1670023.0,3612384.0
2006-11-09,2.17,2.21,2.21,2.15,3375121.0,7385967.0
2006-11-10,2.21,2.15,2.21,2.14,3728033.0,8126314.0
2006-11-13,2.15,2.15,2.15,2.15,0.0,0.0
2006-11-14,2.15,2.16,2.18,2.06,3803245.0,8032132.0
2006-11-15,2.17,2.19,2.2,2.12,3700265.0,8037539.0
2006-11-16,2.24,2.15,2.24,2.14,2504309.0,5448464.0
2006-11-17,2.15,2.17,2.18,2.12,2499248.0,5366232.0
2006-11-20,2.16,2.12,2.19,2.1,2536827.0,5364508.0
2006-11-21,2.11,2.14,2.17,2.06,3662628.0,7698574.0
2006-11-22,2.14,2.19,2.21,2.1,4444913.0,9643781.0
2006-11-23,2.2,2.25,2.26,2.17,7730688.0,17209659.0
2006-11-24,2.25,2.25,2.26,2.21,5097679.0,11338257.0
2006-11-27,2.25,2.26,2.28,2.22,5917947.0,13326654.0
2006-11-28,2.26,2.23,2.28,2.22,5154993.0,11617559.0
2006-11-29,2.23,2.22,2.26,2.19,6581776.0,14658175.0
2006-11-30,2.22,2.29,2.31,2.22,10888344.0,24840835.0
2006-12-01,2.31,2.32,2.34,2.3,10561189.0,24539981.0
2006-12-04,2.34,2.38,2.39,2.33,8837740.0,20800639.0
2006-12-05,2.38,2.36,2.4,2.34,7806493.0,18428952.0
2006-12-06,2.36,2.31,2.36,2.24,8419719.0,19450597.0
2006-12-07,2.29,2.31,2.32,2.26,7706154.0,17697818.0
2006-12-08,2.28,2.26,2.31,2.24,3959173.0,9002906.0
2006-12-11,2.25,2.31,2.32,2.25,3728329.0,8519518.0
2006-12-12,2.33,2.31,2.34,2.24,6267625.0,14285618.0
2006-12-13,2.31,2.28,2.33,2.27,5328317.0,12274526.0
2006-12-14,2.3,2.45,2.47,2.29,23865794.0,57529915.0
2006-12-15,2.44,2.5,2.52,2.41,14455458.0,35893189.0
2006-12-18,2.52,2.56,2.61,2.5,13445100.0,34396762.0
2006-12-19,2.56,2.53,2.6,2.48,8805486.0,22198603.0
2006-12-20,2.53,2.78,2.78,2.52,21824530.0,59921627.0
2006-12-21,2.8,2.79,2.96,2.75,21054650.0,60099569.0
2006-12-22,2.75,2.84,2.92,2.74,12792616.0,36611536.0
2006-12-25,2.82,2.83,2.88,2.79,8749915.0,24703940.0
2006-12-26,2.82,3.06,3.09,2.79,18903009.0,55467823.0
2006-12-27,3.06,3.13,3.13,2.98,9364821.0,28449784.0
2006-12-28,3.13,2.99,3.13,2.86,10023972.0,30038009.0
2006-12-29,2.96,2.95,3.01,2.86,11345081.0,33205248.0
2007-01-04,2.95,2.74,2.95,2.71,22803587.0,63143053.0
2007-01-05,2.74,2.82,2.83,2.71,7623649.0,21171745.0
2007-01-08,2.82,2.82,2.82,2.82,0.0,0.0
2007-01-09,2.84,2.93,3.01,2.84,12426782.0,36330092.0
2007-01-10,2.91,2.96,2.97,2.84,12476853.0,36011651.0
2007-01-11,2.96,3.01,3.1,2.96,15799759.0,48120876.0
2007-01-12,3.01,2.85,3.05,2.81,8595234.0,25146505.0
2007-01-15,2.85,3.06,3.06,2.81,11248370.0,33087054.0
2007-01-16,3.09,3.05,3.13,2.99,10269177.0,31238052.0
2007-01-17,3.05,2.96,3.11,2.93,12197899.0,36903450.0
2007-01-18,2.98,2.98,3.01,2.87,9976484.0,29354157.0
2007-01-19,2.99,3.22,3.28,2.99,30756877.0,96538774.0
2007-01-22,3.24,3.39,3.51,3.17,21824440.0,72277718.0
2007-01-23,3.39,3.27,3.39,3.17,10520729.0,34477028.0
2007-01-24,3.25,3.3,3.37,3.2,9272929.0,30772873.0
2007-01-25,3.22,3.15,3.27,3.13,11213496.0,35745655.0
2007-01-26,3.13,3.04,3.15,2.86,9292847.0,27763841.0
2007-01-29,3.07,3.13,3.13,3.01,9302882.0,28573343.0
2007-01-30,3.15,3.06,3.16,3.03,8172449.0,25230366.0
2007-01-31,3.07,3.0,3.19,3.0,14606362.0,45427794.0
2007-02-01,2.96,3.02,3.05,2.89,7285281.0,21700669.0
2007-02-02,3.03,3.03,3.08,2.97,9113576.0,27580725.0
2007-02-05,3.03,3.09,3.13,3.01,5694732.0,17621432.0
2007-02-06,3.12,3.18,3.18,3.09,8731787.0,27459853.0
2007-02-07,3.21,3.31,3.34,3.17,13533990.0,44184689.0
2007-02-08,3.29,3.26,3.34,3.22,9597942.0,31447495.0
2007-02-09,3.3,3.36,3.4,3.26,10546289.0,35074894.0
2007-02-12,3.36,3.37,3.39,3.32,6042658.0,20315406.0
2007-02-13,3.37,3.37,3.39,3.31,6616147.0,22157465.0
2007-02-14,3.37,3.38,3.41,3.31,10766790.0,36227811.0
2007-02-15,3.41,3.46,3.5,3.41,8781544.0,30348367.0
2007-02-16,3.49,3.56,3.61,3.47,7775358.0,27446545.0
2007-02-26,3.6,3.78,3.78,3.51,9097766.0,33486713.0
2007-02-27,3.82,3.4,3.87,3.4,13781440.0,50042118.0
2007-02-28,3.37,3.65,3.7,3.37,10210698.0,36232147.0
2007-03-01,3.71,3.71,3.84,3.58,14039300.0,52212289.0
2007-03-02,3.75,4.09,4.09,3.72,18318983.0,73478826.0
2007-03-05,4.23,4.03,4.29,3.87,12668189.0,51336601.0
2007-03-06,3.99,4.05,4.16,3.92,5850288.0,23806993.0
2007-03-07,4.03,4.16,4.23,3.99,7094380.0,29257656.0
2007-03-08,4.21,4.16,4.22,4.09,5860546.0,24252358.0
2007-03-09,4.16,4.23,4.26,4.03,14275211.0,59393039.0
2007-03-12,4.22,4.21,4.25,4.11,4796134.0,20000198.0
2007-03-13,4.2,4.15,4.3,4.1,8878360.0,37048035.0
2007-03-14,4.1,4.06,4.11,3.97,10047295.0,40752473.0
2007-03-15,4.03,4.05,4.1,4.0,5109326.0,20751401.0
2007-03-16,4.05,3.93,4.08,3.91,5846212.0,23295495.0
2007-03-19,3.86,3.96,4.05,3.79,5518802.0,21740959.0
2007-03-20,3.97,4.18,4.21,3.89,10068640.0,41405715.0
2007-03-21,4.6,4.6,4.6,4.41,21385354.0,98199500.0
2007-03-22,4.65,4.56,4.67,4.48,18583862.0,84830085.0
2007-03-23,4.58,4.65,4.71,4.46,14428399.0,65981626.0
2007-03-26,4.68,4.79,4.89,4.65,12644614.0,60448630.0
2007-03-27,4.78,4.66,4.85,4.58,10099147.0,47471140.0
2007-03-28,4.65,4.63,4.7,4.44,11965382.0,55029312.0
2007-03-29,4.7,4.51,4.7,4.51,8100679.0,37024740.0
2007-03-30,4.53,4.67,4.81,4.47,13901469.0,64729673.0
2007-04-02,4.72,4.72,4.76,4.62,7959022.0,37129420.0
2007-04-03,4.72,4.66,4.72,4.61,11318522.0,52658791.0
2007-04-04,4.67,4.7,4.72,4.6,9196433.0,42987286.0
2007-04-05,4.71,4.82,4.84,4.65,13575898.0,65014662.0
2007-04-06,4.77,4.97,5.04,4.75,15728396.0,77547463.0
2007-04-09,5.04,4.99,5.04,4.88,11432150.0,56373757.0
2007-04-10,4.97,4.89,4.97,4.75,8494008.0,41369409.0
2007-04-11,4.89,4.87,4.97,4.79,14867705.0,72170344.0
2007-04-12,4.87,4.93,4.95,4.81,10839676.0,52989063.0
2007-04-13,4.89,4.87,5.09,4.85,12986317.0,64656508.0
2007-04-16,4.87,4.87,4.87,4.87,0.0,0.0
2007-04-17,5.01,4.91,5.09,4.78,12880722.0,63269846.0
2007-04-18,4.93,5.16,5.25,4.93,18651939.0,95078633.0
2007-04-19,5.13,4.85,5.16,4.65,14705743.0,72282264.0
2007-04-20,4.94,5.06,5.12,4.92,14090864.0,70990390.0
2007-04-23,5.11,5.36,5.37,5.06,15271667.0,80077089.0
2007-04-24,5.37,5.24,5.44,5.16,14196149.0,74916064.0
2007-04-25,5.21,5.09,5.23,5.01,10965636.0,55992462.0
2007-04-26,5.13,5.16,5.2,5.03,8970359.0,45943005.0
2007-04-27,5.17,5.02,5.19,4.99,9952859.0,50154449.0
2007-04-30,4.99,5.04,5.11,4.94,9352741.0,47060684.0
2007-05-08,5.16,5.26,5.29,5.06,14896528.0,77586920.0
2007-05-09,5.28,5.08,5.3,4.97,13770389.0,70337261.0
2007-05-10,5.08,5.16,5.23,4.99,13450867.0,68695899.0
2007-05-11,5.16,5.04,5.16,4.93,9959907.0,50292502.0
2007-05-14,4.94,5.01,5.08,4.92,10447651.0,52326468.0
2007-05-15,5.05,4.79,5.08,4.78,9636977.0,47516964.0
2007-05-16,4.89,5.0,5.01,4.78,9099971.0,44678284.0
2007-05-17,5.03,5.23,5.3,5.01,18445981.0,95567118.0
2007-05-18,5.21,5.25,5.39,5.16,13457781.0,71046352.0
2007-05-21,5.06,5.29,5.35,5.06,14304204.0,75459856.0
2007-05-22,5.34,5.65,5.71,5.34,24279889.0,135781476.0
2007-05-23,5.66,5.79,5.81,5.58,17251393.0,98648515.0
2007-05-24,5.77,5.58,5.78,5.44,12435358.0,69234259.0
2007-05-25,5.54,5.66,5.66,5.49,9532023.0,53134258.0
2007-05-28,5.67,5.8,5.95,5.66,14285864.0,83614456.0
2007-05-29,6.08,6.02,6.14,5.85,15003578.0,89862494.0
2007-05-30,5.51,5.51,5.95,5.44,15605765.0,88378682.0
2007-05-31,5.51,5.76,5.89,5.17,16271203.0,90967048.0
2007-06-01,5.91,5.36,5.91,5.27,14194969.0,79830369.0
2007-06-04,5.29,4.83,5.36,4.83,15712232.0,77353066.0
2007-06-05,4.91,4.81,4.98,4.38,9678091.0,44561600.0
2007-06-06,4.83,4.97,5.08,4.82,5794461.0,28790840.0
2007-06-07,5.0,5.47,5.47,4.95,14776338.0,78273717.0
2007-06-08,5.49,5.82,5.95,5.46,18412849.0,105334672.0
2007-06-11,5.82,5.82,5.91,5.74,9072336.0,52823318.0
2007-06-12,5.84,5.9,5.97,5.57,9091746.0,53040935.0
2007-06-13,5.99,6.07,6.2,5.91,12614514.0,76763455.0
2007-06-14,6.01,5.91,6.18,5.91,6932981.0,41811110.0
2007-06-15,5.9,6.14,6.32,5.82,9585106.0,58641842.0
2007-06-18,6.23,6.26,6.45,6.22,8327459.0,52812516.0
2007-06-19,6.23,6.37,6.45,6.16,7534789.0,47632419.0
2007-06-20,6.39,6.04,6.5,5.95,6315873.0,39590234.0
2007-06-21,6.04,5.96,6.16,5.89,5290444.0,31746630.0
2007-06-22,5.94,5.62,5.99,5.49,6007509.0,34485528.0
2007-06-25,5.66,5.24,5.69,5.23,8438217.0,45799775.0
2007-06-26,5.12,5.41,5.41,4.99,5487612.0,28641251.0
2007-06-27,5.48,5.59,5.7,5.47,6327195.0,35086641.0
2007-06-28,5.57,5.15,5.63,5.15,5079655.0,27210306.0
2007-06-29,5.07,4.95,5.15,4.83,4190893.0,20812227.0
2007-07-02,4.91,5.11,5.11,4.78,2604351.0,12842107.0
2007-07-03,5.11,5.35,5.4,5.1,3368753.0,17717744.0
2007-07-04,5.41,5.3,5.57,5.28,3743768.0,20416128.0
2007-07-05,5.28,5.02,5.28,4.99,2762193.0,14086223.0
2007-07-06,5.01,5.26,5.3,4.91,2424946.0,12366279.0
2007-07-09,5.26,5.35,5.47,5.26,4356875.0,23249590.0
2007-07-10,5.2,5.07,5.4,5.03,2286898.0,11767831.0
2007-07-11,5.08,4.95,5.15,4.86,4718479.0,23343780.0
2007-07-12,5.0,4.93,5.01,4.91,2469275.0,12219587.0
2007-07-13,4.93,5.0,5.01,4.81,2422246.0,11872796.0
2007-07-16,5.0,4.87,5.0,4.86,1593394.0,7846095.0
2007-07-17,4.87,4.91,4.97,4.83,1587689.0,7775940.0
2007-07-18,4.9,5.0,5.03,4.87,3010257.0,14979502.0
2007-07-19,4.98,5.03,5.07,4.95,6280703.0,31524609.0
2007-07-20,5.05,5.08,5.2,5.05,6260589.0,32023338.0
2007-07-23,5.19,5.34,5.37,5.12,15018076.0,78401250.0
2007-07-24,5.39,5.29,5.4,5.26,16746680.0,89078241.0
2007-07-25,5.26,5.4,5.4,5.25,6565870.0,34936418.0
2007-07-26,5.4,5.52,5.57,5.36,12173637.0,66381515.0
2007-07-27,5.57,5.84,5.91,5.52,19919316.0,114173293.0
2007-07-30,5.84,5.86,6.03,5.82,13175240.0,77968467.0
2007-07-31,5.86,5.83,5.94,5.7,7874118.0,45690383.0
2007-08-01,5.85,5.45,5.93,5.45,8110180.0,46324937.0
2007-08-02,5.48,5.6,5.69,5.41,5299497.0,29421452.0
2007-08-03,5.66,5.56,5.69,5.45,10619141.0,58817394.0
2007-08-06,5.58,5.71,5.82,5.58,7754591.0,44218816.0
2007-08-07,5.72,5.55,5.77,5.43,9595162.0,53442375.0
2007-08-08,5.62,5.55,5.62,5.43,6158992.0,34070337.0
2007-08-09,5.55,5.58,5.74,5.55,5337028.0,30042635.0
2007-08-10,5.56,5.45,5.56,5.33,6910714.0,37571113.0
2007-08-13,5.45,5.45,5.49,5.35,3434840.0,18605296.0
2007-08-14,5.41,5.6,5.62,5.4,5332273.0,29640919.0
2007-08-15,5.66,5.49,5.69,5.41,4404925.0,24334545.0
2007-08-16,5.49,5.57,5.57,5.41,7473019.0,41072002.0
2007-08-17,5.57,5.62,5.72,5.53,7122983.0,40214940.0
2007-08-20,5.76,5.77,5.82,5.66,7903773.0,45562135.0
2007-08-21,5.78,5.69,5.82,5.65,7615324.0,43527593.0
2007-08-22,5.66,5.98,6.11,5.62,17094226.0,102438156.0
2007-08-23,5.99,5.99,6.22,5.97,11474521.0,69758310.0
2007-08-24,5.99,6.06,6.22,5.99,10256220.0,62570799.0
2007-08-27,6.2,6.04,6.22,5.78,10046124.0,60254105.0
2007-08-28,5.99,6.03,6.2,5.87,7937308.0,48101360.0
2007-08-29,5.87,5.79,5.98,5.73,9168057.0,53547787.0
2007-08-30,5.77,5.99,5.99,5.77,6287984.0,37211760.0
2007-08-31,6.16,6.28,6.39,6.07,17456142.0,109254666.0
2007-09-03,6.51,6.66,6.78,6.41,20192637.0,132778111.0
2007-09-04,6.67,6.47,6.67,6.45,10005506.0,65403960.0
2007-09-05,6.47,6.43,6.57,6.29,7786866.0,49866313.0
2007-09-06,6.36,6.4,6.49,6.36,6082287.0,39033659.0
2007-09-07,6.41,6.43,6.61,6.29,6902223.0,44367977.0
2007-09-10,6.41,6.74,6.77,6.39,12539820.0,83030485.0
2007-09-11,6.74,6.16,6.79,6.16,11155516.0,72772354.0
2007-09-12,6.04,6.0,6.31,5.84,8296444.0,49970090.0
2007-09-13,6.03,6.32,6.32,5.98,7838741.0,47729815.0
2007-09-14,6.24,6.86,6.91,6.11,17725650.0,116093316.0
2007-09-17,6.75,6.78,7.06,6.66,18182182.0,124709009.0
2007-09-18,6.78,7.1,7.2,6.66,19547800.0,136103434.0
2007-09-19,7.11,7.02,7.2,6.87,10007958.0,70276219.0
2007-09-20,7.02,6.93,7.06,6.79,8840998.0,61063239.0
2007-09-21,6.88,6.72,7.01,6.53,9509531.0,63690379.0
2007-09-24,6.66,6.72,6.94,6.49,7081306.0,47693140.0
2007-09-25,6.7,6.53,6.72,6.47,5398372.0,35463773.0
2007-09-26,6.62,6.73,6.84,6.55,8053540.0,54084494.0
2007-09-27,6.64,6.81,6.82,6.61,5139994.0,34646902.0
2007-09-28,6.84,6.74,7.07,6.7,12365304.0,84797878.0
2007-10-08,6.78,6.75,6.95,6.67,7065762.0,48163625.0
2007-10-09,6.81,7.15,7.21,6.81,14673980.0,103202281.0
2007-10-10,7.28,6.91,7.3,6.87,12317350.0,86247877.0
2007-10-11,6.93,6.7,6.98,6.7,12574555.0,85172268.0
2007-10-12,6.7,6.7,6.7,6.7,0.0,0.0
2007-10-15,6.7,6.7,6.7,6.7,0.0,0.0
2007-10-16,6.7,6.7,6.7,6.7,0.0,0.0
2007-10-17,6.74,6.63,6.81,6.57,9405934.0,62808957.0
2007-10-18,6.61,6.54,6.71,6.49,6478253.0,42651142.0
2007-10-19,6.57,6.65,6.76,6.45,5296353.0,35068583.0
2007-10-22,6.57,6.19,6.58,6.16,6953535.0,43994822.0
2007-10-23,6.17,6.04,6.24,5.9,3946129.0,23735193.0
2007-10-24,6.04,5.98,6.16,5.98,3351394.0,20299911.0
2007-10-25,5.84,5.45,5.87,5.42,7730277.0,43132163.0
2007-10-26,5.48,6.0,6.0,5.46,9330421.0,53645830.0
2007-10-29,6.0,5.64,6.02,5.62,5886604.0,33867908.0
2007-10-30,5.74,5.57,5.86,5.41,5949021.0,33170532.0
2007-10-31,5.62,5.82,5.84,5.57,12711989.0,72284026.0
2007-11-01,5.78,5.62,5.78,5.57,5690641.0,32016967.0
2007-11-02,5.55,5.33,5.57,5.22,6156240.0,33129291.0
2007-11-05,5.25,5.26,5.37,5.16,6645364.0,34933855.0
2007-11-06,5.31,5.36,5.46,5.3,3418181.0,18393689.0
2007-11-07,5.41,5.41,5.47,5.31,2685497.0,14415495.0
2007-11-08,5.37,5.28,5.54,5.27,7128962.0,38971781.0
2007-11-09,5.25,5.32,5.4,5.2,2788009.0,14859439.0
2007-11-12,5.32,5.28,5.35,5.15,2274662.0,11928236.0
2007-11-13,5.35,5.38,5.48,5.28,3607423.0,19394785.0
2007-11-14,5.48,5.41,5.52,5.35,8441157.0,45716790.0
2007-11-15,5.41,5.41,5.41,5.41,0.0,0.0
2007-11-16,5.32,5.51,5.62,5.3,5290600.0,29084708.0
2007-11-19,5.53,5.57,5.6,5.45,3365046.0,18691841.0
2007-11-20,5.53,5.64,5.65,5.49,3288785.0,18455735.0
2007-11-21,5.64,5.47,5.73,5.44,4251177.0,23787373.0
2007-11-22,5.4,5.12,5.4,5.1,4618955.0,24342581.0
2007-11-23,5.11,5.18,5.21,5.1,2846076.0,14653574.0
2007-11-26,5.25,5.37,5.5,5.25,7638020.0,41229054.0
2007-11-27,5.39,5.5,5.5,5.37,6053598.0,32976564.0
2007-11-28,5.69,5.53,5.85,5.41,10829909.0,60588300.0
2007-11-29,5.62,5.47,5.62,5.35,11165937.0,60973689.0
2007-11-30,5.47,5.7,5.74,5.47,17842322.0,100751309.0
2007-12-03,5.91,6.11,6.27,5.82,35460886.0,213725654.0
2007-12-04,6.03,6.21,6.42,5.93,20156777.0,124644978.0
2007-12-05,6.16,6.19,6.28,6.03,10259511.0,63058838.0
2007-12-06,6.2,6.25,6.32,6.09,11291126.0,70347539.0
2007-12-07,6.24,6.29,6.4,6.12,11744044.0,73889397.0
2007-12-10,6.15,6.37,6.49,6.11,13755950.0,87067998.0
2007-12-11,6.39,6.45,6.48,6.24,12593623.0,80274925.0
2007-12-12,6.41,6.28,6.48,6.26,10450064.0,66383893.0
2007-12-13,6.3,6.07,6.37,6.03,10656617.0,66426005.0
2007-12-14,6.06,6.32,6.36,5.91,11760675.0,71950840.0
2007-12-17,6.32,6.35,6.54,6.26,12929637.0,83147488.0
2007-12-18,6.4,6.22,6.48,6.13,6868204.0,43082788.0
2007-12-19,6.28,6.58,6.58,6.16,17254813.0,110225224.0
2007-12-20,6.65,6.59,6.68,6.51,9422260.0,61995186.0
2007-12-21,6.52,6.59,6.66,6.47,9264403.0,60688465.0
2007-12-24,6.58,6.77,6.86,6.52,17500661.0,117137381.0
2007-12-25,6.78,6.56,6.78,6.54,12504417.0,83250206.0
2007-12-26,6.59,6.63,6.68,6.49,13982103.0,92522170.0
2007-12-27,6.66,6.69,6.81,6.61,10746015.0,72351851.0
2007-12-28,6.74,6.7,6.88,6.66,13244174.0,90116955.0
2008-01-02,6.77,6.99,7.05,6.74,15485846.0,107101686.0
2008-01-03,7.06,7.03,7.28,6.97,17496430.0,124390325.0
2008-01-04,7.2,6.97,7.2,6.95,9172851.0,64519461.0
2008-01-07,6.97,6.98,7.07,6.8,13718045.0,94860245.0
2008-01-08,7.01,6.74,7.05,6.72,16566751.0,113542345.0
2008-01-09,6.66,6.82,6.84,6.61,15668001.0,105557699.0
2008-01-10,6.85,6.6,6.86,6.6,24296838.0,162862949.0
2008-01-11,6.62,6.91,6.92,6.57,21559152.0,146133682.0
2008-01-14,6.91,6.96,7.06,6.86,13876858.0,96815458.0
2008-01-15,6.96,7.05,7.06,6.86,15026132.0,104577220.0
2008-01-16,6.97,6.87,7.17,6.84,13127038.0,91879675.0
2008-01-17,6.84,7.01,7.11,6.61,18157719.0,125571664.0
2008-01-18,7.06,7.01,7.18,6.91,13740238.0,97016372.0
2008-01-21,7.07,6.56,7.12,6.36,14074877.0,95641918.0
2008-01-22,6.36,5.9,6.42,5.9,14348332.0,87106704.0
2008-01-23,5.9,6.12,6.18,5.77,10706809.0,64234205.0
2008-01-24,6.18,6.2,6.31,5.93,11172598.0,68355295.0
2008-01-25,6.22,6.41,6.43,6.16,11337777.0,71571378.0
2008-01-28,6.4,6.52,6.64,6.24,32544077.0,210290165.0
2008-01-29,6.49,6.45,6.63,6.36,12002631.0,77898551.0
2008-01-30,6.61,6.4,6.63,6.32,9973094.0,64608156.0
2008-01-31,6.4,6.03,6.49,6.03,8020627.0,49824987.0
2008-02-01,6.07,5.93,6.19,5.54,9199304.0,53457799.0
2008-02-04,6.11,6.36,6.42,5.95,8982695.0,56079346.0
2008-02-05,6.26,6.26,6.39,6.2,6794357.0,42771802.0
2008-02-13,6.16,6.02,6.19,5.98,5800382.0,35267075.0
2008-02-14,6.04,6.09,6.13,5.94,5266027.0,31794307.0
2008-02-15,6.07,5.93,6.07,5.83,4440126.0,26330665.0
2008-02-18,5.99,6.18,6.22,5.94,8963435.0,54684547.0
2008-02-19,6.18,6.29,6.37,6.1,11409843.0,71390307.0
2008-02-20,6.29,6.11,6.36,6.04,7982282.0,49317409.0
2008-02-21,6.11,6.18,6.31,6.04,6791487.0,42009347.0
2008-02-22,6.2,5.93,6.2,5.88,8085501.0,48688049.0
2008-02-25,5.91,5.57,5.97,5.55,9840729.0,56261809.0
2008-02-26,5.82,5.77,5.82,5.57,6603050.0,37642855.0
2008-02-27,5.79,5.82,5.89,5.69,6024262.0,34987734.0
2008-02-28,5.8,5.76,5.89,5.69,4847259.0,28024784.0
2008-02-29,5.72,5.82,5.94,5.72,5456488.0,31893182.0
2008-03-03,5.82,6.11,6.2,5.78,11713761.0,71068591.0
2008-03-04,6.16,6.15,6.26,6.04,9333753.0,57647825.0
2008-03-05,6.19,6.47,6.52,6.12,21016652.0,134691767.0
2008-03-06,6.61,6.31,6.71,6.3,18878739.0,122870268.0
2008-03-07,6.24,6.06,6.3,6.04,9583224.0,58858824.0
2008-03-10,5.99,5.91,6.03,5.82,6931892.0,40986353.0
2008-03-11,5.82,5.98,6.02,5.77,5669849.0,33298350.0
2008-03-12,6.14,5.72,6.14,5.72,5066024.0,29821003.0
2008-03-13,5.67,5.49,5.75,5.35,6963769.0,38608946.0
2008-03-14,5.41,5.49,5.62,5.41,3494256.0,19240569.0
2008-03-17,5.41,5.07,5.56,5.03,5782775.0,30661349.0
2008-03-18,5.07,4.7,5.15,4.58,7016637.0,33986043.0
2008-03-19,4.83,4.88,4.99,4.69,6365493.0,30949047.0
2008-03-20,4.8,5.07,5.12,4.6,8373966.0,40898040.0
2008-03-21,5.07,5.12,5.26,4.95,6899009.0,35133845.0
2008-03-24,5.24,4.91,5.26,4.91,7900420.0,40453396.0
2008-03-25,4.83,4.87,4.95,4.65,8069421.0,38795242.0
2008-03-26,4.85,4.96,4.98,4.85,5645143.0,27718101.0
2008-03-27,4.83,4.67,4.91,4.67,3803836.0,18224279.0
2008-03-28,4.61,5.03,5.1,4.58,13555131.0,66516599.0
2008-03-31,4.82,4.79,5.03,4.74,6557699.0,32111902.0
2008-04-01,4.79,4.31,4.9,4.31,11659725.0,51523255.0
2008-04-02,4.35,3.89,4.45,3.88,8346299.0,33958930.0
2008-04-03,3.84,3.95,4.05,3.61,6547355.0,24943206.0
2008-04-07,3.74,4.04,4.1,3.62,25292710.0,98236405.0
2008-04-08,3.91,4.16,4.24,3.79,24872820.0,99865527.0
2008-04-09,4.05,3.87,4.24,3.87,14953368.0,61329605.0
2008-04-10,3.81,3.86,3.91,3.66,7581563.0,28883269.0
2008-04-11,3.87,3.92,3.97,3.82,6198603.0,24118360.0
2008-04-14,3.79,3.53,3.79,3.53,10744186.0,38886551.0
2008-04-15,3.45,3.53,3.54,3.31,9830063.0,33481279.0
2008-04-16,3.88,3.88,3.88,3.88,7624445.0,29591187.0
2008-04-17,3.88,3.88,3.88,3.88,0.0,0.0
2008-04-18,3.88,3.88,3.88,3.88,0.0,0.0
2008-04-21,3.88,3.88,3.88,3.88,0.0,0.0
2008-04-22,3.49,3.49,3.49,3.49,361315.0,1262520.0
2008-04-23,3.14,3.41,3.53,3.14,64232893.0,208991985.0
2008-04-24,3.47,3.75,3.75,3.47,62712094.0,226989880.0
2008-04-25,3.58,3.61,3.86,3.54,43326659.0,158733591.0
2008-04-28,3.51,3.38,3.54,3.37,19304334.0,66663582.0
2008-04-29,3.38,3.38,3.38,3.38,0.0,0.0
2008-04-30,3.71,3.72,3.72,3.54,29757708.0,108984995.0
2008-05-05,3.86,4.01,4.07,3.78,37522953.0,147386577.0
2008-05-06,3.91,4.06,4.22,3.87,30423317.0,122095290.0
2008-05-07,3.99,4.04,4.24,3.93,26989746.0,111404041.0
2008-05-08,3.99,4.16,4.16,3.89,23013269.0,93320201.0
2008-05-09,4.24,4.04,4.3,3.96,20627590.0,85159168.0
2008-05-12,3.95,4.04,4.14,3.84,15062189.0,59841984.0
2008-05-13,3.88,3.86,3.99,3.79,15461602.0,60186921.0
2008-05-14,3.86,4.11,4.15,3.84,16784300.0,68237977.0
2008-05-15,4.11,4.14,4.28,4.04,19599130.0,81591355.0
2008-05-16,4.16,4.27,4.31,4.06,18359794.0,76852214.0
2008-05-19,4.2,4.17,4.31,4.12,13119336.0,54962004.0
2008-05-20,4.17,4.17,4.17,4.17,0.0,0.0
2008-05-21,3.82,3.9,4.01,3.75,22050918.0,84077515.0
2008-05-22,3.81,3.66,3.86,3.63,12954369.0,48590124.0
2008-05-23,3.63,3.54,3.73,3.47,9794186.0,35008874.0
2008-05-26,3.49,3.45,3.56,3.42,6836705.0,23788201.0
2008-05-27,3.45,3.45,3.53,3.37,5474154.0,18904911.0
2008-05-28,3.46,3.79,3.79,3.42,8295167.0,30502095.0
2008-05-29,3.75,3.67,3.94,3.66,24466173.0,93337121.0
2008-05-30,3.59,3.76,3.86,3.54,16277723.0,60767945.0
2008-06-02,3.72,3.8,3.87,3.64,11983466.0,45027368.0
2008-06-03,3.83,3.69,3.83,3.64,7567494.0,28189360.0
2008-06-04,3.67,3.66,3.72,3.55,7898438.0,28646483.0
2008-06-05,3.63,3.56,3.67,3.55,5609950.0,20222370.0
2008-06-06,3.58,3.52,3.65,3.51,5065153.0,18143171.0
2008-06-10,3.25,3.17,3.36,3.17,6641831.0,21513216.0
2008-06-11,3.09,2.96,3.13,2.93,9007774.0,27235131.0
2008-06-12,2.96,3.03,3.17,2.96,11119850.0,34030013.0
2008-06-13,3.02,2.92,3.07,2.92,5864528.0,17404180.0
2008-06-16,2.93,2.94,3.05,2.86,7237798.0,21342021.0
2008-06-17,2.91,2.68,3.0,2.67,7932739.0,22644702.0
2008-06-18,2.67,2.8,2.83,2.5,11197267.0,30151902.0
2008-06-19,2.76,2.52,2.86,2.52,8389319.0,22623682.0
2008-06-20,2.52,2.48,2.67,2.34,11094884.0,27991120.0
2008-06-23,2.45,2.23,2.45,2.23,9341726.0,21651093.0
2008-06-24,2.17,2.25,2.3,2.15,12448479.0,27616704.0
2008-06-25,2.25,2.39,2.4,2.21,11425830.0,26642798.0
2008-06-26,2.37,2.44,2.52,2.35,13748794.0,33540583.0
2008-06-27,2.33,2.2,2.37,2.19,11881802.0,26998598.0
2008-06-30,2.15,2.26,2.27,2.12,5405609.0,11972847.0
2008-07-01,2.24,2.2,2.3,2.16,5840494.0,13027022.0
2008-07-02,2.24,2.29,2.31,2.17,8519639.0,19287684.0
2008-07-03,2.24,2.36,2.4,2.2,12406327.0,28934460.0
2008-07-04,2.36,2.35,2.42,2.31,7714261.0,18225184.0
2008-07-07,2.37,2.48,2.52,2.34,11437112.0,28126547.0
2008-07-08,2.48,2.64,2.69,2.45,18142878.0,46518982.0
2008-07-09,2.68,2.7,2.77,2.63,22217834.0,60051526.0
2008-07-10,2.64,2.57,2.72,2.57,15911223.0,42043747.0
2008-07-11,2.54,2.58,2.64,2.49,10172472.0,25986111.0
2008-07-14,2.57,2.59,2.62,2.5,6888851.0,17708997.0
2008-07-15,2.57,2.54,2.67,2.49,9920692.0,25657767.0
2008-07-16,2.53,2.34,2.56,2.29,9304225.0,22415946.0
2008-07-17,2.39,2.28,2.41,2.26,5914626.0,13864141.0
2008-07-18,2.33,2.41,2.44,2.25,5700545.0,13325470.0
2008-07-21,2.39,2.5,2.56,2.36,8567801.0,21104964.0
2008-07-22,2.5,2.5,2.56,2.47,6088688.0,15330688.0
2008-07-23,2.5,2.5,2.5,2.5,0.0,0.0
2008-07-24,2.5,2.75,2.75,2.5,21457404.0,57497700.0
2008-07-25,2.77,2.97,3.03,2.77,33382504.0,97323982.0
2008-07-28,2.97,2.97,2.97,2.97,0.0,0.0
2008-07-29,2.97,2.97,2.97,2.97,0.0,0.0
2008-07-30,2.97,2.97,2.97,2.97,0.0,0.0
2008-07-31,2.97,2.97,2.97,2.97,0.0,0.0
2008-08-01,2.97,2.97,2.97,2.97,0.0,0.0
2008-08-04,2.97,2.97,2.97,2.97,0.0,0.0
2008-08-05,2.97,2.97,2.97,2.97,0.0,0.0
2008-08-06,2.97,2.97,2.97,2.97,0.0,0.0
2008-08-07,2.97,2.97,2.97,2.97,0.0,0.0
2008-08-08,2.97,2.97,2.97,2.97,0.0,0.0
2008-08-11,2.97,2.97,2.97,2.97,0.0,0.0
2008-08-12,2.97,2.97,2.97,2.97,0.0,0.0
2008-08-13,2.97,2.97,2.97,2.97,0.0,0.0
2008-08-14,2.97,2.97,2.97,2.97,0.0,0.0
2008-08-15,2.97,2.97,2.97,2.97,0.0,0.0
2008-08-18,2.97,2.97,2.97,2.97,0.0,0.0
2008-08-19,2.97,2.97,2.97,2.97,0.0,0.0
2008-08-20,2.97,2.97,2.97,2.97,0.0,0.0
2008-08-21,2.97,2.97,2.97,2.97,0.0,0.0
2008-08-22,2.97,2.97,2.97,2.97,0.0,0.0
2008-08-25,2.97,2.97,2.97,2.97,0.0,0.0
2008-08-26,2.97,2.97,2.97,2.97,0.0,0.0
2008-08-27,2.97,2.97,2.97,2.97,0.0,0.0
2008-08-28,2.97,2.97,2.97,2.97,0.0,0.0
2008-08-29,2.97,2.97,2.97,2.97,0.0,0.0
2008-09-01,2.67,2.67,2.67,2.67,229241.0,613040.0
2008-09-02,2.41,2.41,2.41,2.41,363241.0,874553.0
2008-09-03,2.17,2.17,2.26,2.17,34144072.0,74419597.0
2008-09-04,2.12,2.11,2.17,2.04,14576215.0,30735457.0
2008-09-05,2.01,1.91,2.05,1.9,14235399.0,28113944.0
2008-09-08,1.91,1.72,1.94,1.72,14960120.0,26846454.0
2008-09-09,1.72,1.78,1.79,1.68,11270475.0,19640098.0
2008-09-10,1.74,1.81,1.88,1.72,13809335.0,24913753.0
2008-09-11,1.76,1.71,1.81,1.69,9425531.0,16332053.0
2008-09-12,1.71,1.77,1.84,1.7,13581736.0,24069321.0
2008-09-16,1.74,1.76,1.83,1.7,10734247.0,18999602.0
2008-09-17,1.77,1.71,1.84,1.68,12310568.0,21732240.0
2008-09-18,1.61,1.64,1.65,1.54,23237319.0,36354838.0
2008-09-19,1.79,1.8,1.8,1.73,17121483.0,30551891.0
2008-09-22,1.86,1.97,1.98,1.79,32206947.0,61350466.0
2008-09-23,1.86,1.86,2.02,1.79,24769264.0,46790108.0
2008-09-24,1.82,1.96,1.96,1.77,18255017.0,34385383.0
2008-09-25,1.94,1.94,2.06,1.9,22651043.0,44655681.0
2008-09-26,1.93,2.08,2.12,1.9,34199931.0,69359156.0
2008-10-06,2.09,2.13,2.26,2.01,42216409.0,90378543.0
2008-10-07,2.03,1.97,2.09,1.92,21429583.0,42904985.0
2008-10-08,1.9,1.95,2.06,1.89,13779028.0,27325980.0
2008-10-09,1.98,1.85,1.99,1.84,12365404.0,23784773.0
2008-10-10,1.71,1.66,1.79,1.66,13715497.0,23261514.0
2008-10-13,1.64,1.74,1.74,1.59,10229092.0,17022876.0
2008-10-14,1.81,1.65,1.82,1.65,12727180.0,22311198.0
2008-10-15,1.62,1.71,1.72,1.62,7387538.0,12390485.0
2008-10-16,1.63,1.54,1.67,1.54,13309131.0,21048721.0
2008-10-17,1.55,1.51,1.58,1.48,7856934.0,11964232.0
2008-10-20,1.49,1.56,1.59,1.43,12208847.0,18449725.0
2008-10-21,1.55,1.52,1.59,1.51,10040656.0,15547105.0
2008-10-22,1.55,1.52,1.6,1.51,10134853.0,15748449.0
2008-10-23,1.45,1.52,1.54,1.43,8117652.0,12012200.0
2008-10-24,1.54,1.49,1.54,1.47,5199016.0,7793480.0
2008-10-27,1.46,1.35,1.46,1.34,9256077.0,12849446.0
2008-10-28,1.3,1.38,1.4,1.29,7910122.0,10727330.0
2008-10-29,1.39,1.27,1.4,1.27,8213118.0,10984551.0
2008-10-30,1.29,1.29,1.35,1.27,8667793.0,11295676.0
2008-10-31,1.28,1.26,1.31,1.23,5916082.0,7531291.0
2008-11-03,1.25,1.21,1.27,1.21,4378061.0,5397627.0
2008-11-04,1.21,1.24,1.26,1.16,7564146.0,9173487.0
2008-11-05,1.22,1.27,1.29,1.22,8939115.0,11269082.0
2008-11-06,1.22,1.27,1.3,1.21,10274480.0,13002410.0
2008-11-07,1.23,1.3,1.32,1.23,9277056.0,11981439.0
2008-11-10,1.31,1.4,1.4,1.31,12253364.0,16721544.0
2008-11-11,1.38,1.33,1.39,1.33,11309621.0,15401613.0
2008-11-12,1.33,1.39,1.4,1.32,9138805.0,12504202.0
2008-11-13,1.38,1.46,1.5,1.35,16860331.0,24165408.0
2008-11-14,1.46,1.6,1.6,1.43,35233643.0,54570892.0
2008-11-17,1.6,1.66,1.67,1.54,28919358.0,46613180.0
2008-11-18,1.63,1.49,1.65,1.49,21756502.0,33721524.0
2008-11-19,1.5,1.58,1.6,1.47,15395400.0,23636416.0
2008-11-20,1.55,1.62,1.67,1.52,21119739.0,33806768.0
2008-11-21,1.57,1.57,1.64,1.48,20373202.0,31690912.0
2008-11-24,1.58,1.49,1.61,1.48,11362685.0,17468648.0
2008-11-25,1.52,1.49,1.57,1.45,11231013.0,16992734.0
2008-11-26,1.51,1.49,1.52,1.46,6607898.0,9863059.0
2008-11-27,1.57,1.5,1.6,1.49,13693476.0,21313072.0
2008-11-28,1.51,1.54,1.54,1.48,8931429.0,13532276.0
2008-12-01,1.54,1.66,1.67,1.49,26008648.0,41928728.0
2008-12-02,1.62,1.73,1.83,1.6,39296050.0,68753248.0
2008-12-03,1.73,1.77,1.78,1.69,29502821.0,51089908.0
2008-12-04,1.88,1.95,1.95,1.86,34443626.0,66958572.0
2008-12-05,1.97,1.97,2.08,1.9,55729068.0,110919240.0
2008-12-08,1.95,2.04,2.07,1.93,38312814.0,76280584.0
2008-12-09,2.01,1.9,2.03,1.87,28015571.0,54257876.0
2008-12-10,1.87,1.94,1.94,1.84,19392308.0,36863248.0
2008-12-11,1.94,1.91,2.02,1.9,24856903.0,48752756.0
2008-12-12,1.87,1.79,1.96,1.75,21220130.0,39482076.0
2008-12-15,1.84,1.82,1.87,1.75,12436374.0,22556640.0
2008-12-16,1.79,1.88,1.89,1.74,13483103.0,24492012.0
2008-12-17,1.89,1.89,1.94,1.84,14391496.0,27264034.0
2008-12-18,1.89,1.89,1.9,1.83,10991378.0,20533862.0
2008-12-19,1.89,1.91,1.96,1.89,14580530.0,28065056.0
2008-12-22,1.91,1.98,2.01,1.91,20144970.0,39557740.0
2008-12-23,1.98,1.78,1.98,1.78,23646857.0,43784600.0
2008-12-24,1.75,1.68,1.76,1.63,13584544.0,23058872.0
2008-12-25,1.68,1.83,1.83,1.63,18275854.0,31666888.0
2008-12-26,1.75,1.7,1.8,1.69,13506978.0,23664558.0
2008-12-29,1.68,1.69,1.72,1.63,7894402.0,13243896.0
2008-12-30,1.71,1.71,1.77,1.69,9852598.0,16987628.0
2008-12-31,1.7,1.65,1.74,1.65,6764976.0,11511561.0
2009-01-05,1.67,1.74,1.76,1.67,9302011.0,15981434.0
2009-01-06,1.73,1.82,1.83,1.72,14601684.0,26137918.0
2009-01-07,1.82,1.9,1.9,1.79,21288368.0,39497732.0
2009-01-08,1.88,1.9,1.92,1.84,29585433.0,55897980.0
2009-01-09,1.91,1.94,1.98,1.89,25974151.0,50230868.0
2009-01-12,1.9,1.91,1.96,1.89,19079966.0,36627608.0
2009-01-13,1.89,1.83,1.9,1.78,15818678.0,29186348.0
2009-01-14,1.83,1.89,1.9,1.81,13368256.0,24812974.0
2009-01-15,1.86,1.89,1.93,1.85,15185722.0,28754510.0
2009-01-16,1.9,1.88,1.96,1.87,14999391.0,28904396.0
2009-01-19,1.9,1.89,1.95,1.86,11930269.0,22806348.0
2009-01-20,1.89,2.01,2.03,1.89,19138930.0,37460364.0
2009-01-21,1.96,2.03,2.06,1.95,25939410.0,52086244.0
2009-01-22,2.01,2.09,2.1,1.99,23435469.0,48246784.0
2009-01-23,2.11,2.03,2.15,2.02,19524637.0,40459076.0
2009-02-02,2.04,2.12,2.12,1.98,22982422.0,47554728.0
2009-02-03,2.11,2.16,2.2,2.09,29612249.0,63952272.0
2009-02-04,2.16,2.17,2.18,2.12,22812644.0,49062320.0
2009-02-05,2.17,2.1,2.21,2.06,22288164.0,47764928.0
2009-02-06,2.1,2.17,2.19,2.09,22699581.0,48694312.0
2009-02-09,2.25,2.21,2.28,2.16,29574169.0,65383612.0
2009-02-10,2.19,2.34,2.36,2.16,36523133.0,82770912.0
2009-02-11,2.27,2.45,2.54,2.27,48730125.0,116176584.0
2009-02-12,2.46,2.46,2.49,2.33,40376636.0,97802440.0
2009-02-13,2.41,2.52,2.56,2.41,30046404.0,74532088.0
2009-02-16,2.54,2.56,2.69,2.53,27564826.0,71352584.0
2009-02-17,2.56,2.42,2.57,2.41,26572796.0,65753528.0
2009-02-18,2.34,2.29,2.45,2.27,20189585.0,47865072.0
2009-02-19,2.33,2.35,2.37,2.27,15847354.0,36797172.0
2009-02-20,2.35,2.45,2.47,2.33,17333832.0,41266052.0
2009-02-23,2.43,2.56,2.57,2.41,20496789.0,51182660.0
2009-02-24,2.52,2.56,2.64,2.47,38203260.0,97826648.0
2009-02-25,2.58,2.67,2.67,2.49,33394113.0,86303832.0
2009-02-26,2.64,2.44,2.69,2.4,29978716.0,76088280.0
2009-02-27,2.39,2.19,2.43,2.19,19069416.0,42782560.0
2009-03-02,2.14,2.18,2.22,2.08,11615575.0,25094132.0
2009-03-03,2.11,2.14,2.19,2.08,10870412.0,23138306.0
2009-03-04,2.13,2.27,2.28,2.13,15950019.0,35438648.0
2009-03-05,2.28,2.26,2.32,2.2,17016581.0,38501656.0
2009-03-06,2.22,2.22,2.25,2.18,11278010.0,24967508.0
2009-03-09,2.22,2.12,2.28,2.12,14504460.0,32043484.0
2009-03-10,2.09,2.17,2.17,2.08,9224692.0,19720170.0
2009-03-11,2.2,2.17,2.26,2.15,11546019.0,25535288.0
2009-03-12,2.22,2.39,2.39,2.2,34075628.0,78584160.0
2009-03-13,2.45,2.28,2.45,2.28,25750390.0,60343300.0
2009-03-16,2.26,2.51,2.51,2.26,33897578.0,82316200.0
2009-03-17,2.52,2.53,2.61,2.46,34060654.0,86705328.0
2009-03-18,2.53,2.58,2.66,2.5,27071365.0,69874416.0
2009-03-19,2.58,2.58,2.64,2.54,21223474.0,54903208.0
2009-03-20,2.56,2.48,2.58,2.46,21059047.0,52857780.0
2009-03-23,2.49,2.5,2.58,2.48,14710822.0,37171612.0
2009-03-24,2.54,2.74,2.75,2.51,44202618.0,118205432.0
2009-03-25,2.69,2.79,2.94,2.65,53179614.0,148724224.0
2009-03-26,2.79,2.88,2.93,2.74,34016999.0,97030176.0
2009-03-27,2.9,2.92,3.04,2.84,33610590.0,98161704.0
2009-03-30,2.92,2.92,2.92,2.92,0.0,0.0
2009-03-31,2.84,2.84,2.92,2.71,24004698.0,67816232.0
2009-04-01,2.82,2.93,3.02,2.82,21210998.0,62506344.0
2009-04-02,2.95,2.87,3.03,2.86,23914400.0,70326528.0
2009-04-03,2.92,3.02,3.13,2.9,35946713.0,107755640.0
2009-04-07,3.01,3.03,3.12,2.98,16620672.0,50436688.0
2009-04-08,3.0,2.9,3.04,2.88,17611317.0,51981404.0
2009-04-09,2.89,3.0,3.02,2.88,19143482.0,56726936.0
2009-04-10,3.03,3.13,3.22,3.0,22455574.0,69874608.0
2009-04-13,3.22,3.3,3.31,3.14,30872976.0,99930648.0
2009-04-14,3.3,3.48,3.53,3.27,41851772.0,143988144.0
2009-04-15,3.47,3.8,3.81,3.41,48640092.0,173904912.0
2009-04-16,3.72,3.88,3.93,3.69,50114807.0,191632448.0
2009-04-17,3.81,3.55,3.87,3.5,94225058.0,344657664.0
2009-04-20,3.53,3.61,3.66,3.47,40216933.0,144647200.0
2009-04-21,3.58,3.7,3.74,3.53,34135569.0,125299792.0
2009-04-22,3.7,3.48,3.75,3.45,34518940.0,124842168.0
2009-04-23,3.45,3.53,3.6,3.43,19920990.0,69782336.0
2009-04-24,3.55,3.46,3.58,3.45,15826070.0,55332676.0
2009-04-27,3.42,3.17,3.46,3.14,19665700.0,64545020.0
2009-04-28,3.13,3.22,3.25,3.1,12188567.0,38952124.0
2009-04-29,3.24,3.3,3.33,3.2,15101933.0,49372632.0
2009-04-30,3.31,3.3,3.36,3.27,14818622.0,49150888.0
2009-05-04,3.3,3.47,3.49,3.3,19050455.0,65081280.0
2009-05-05,3.51,3.6,3.63,3.48,24731078.0,88131496.0
2009-05-06,3.62,3.61,3.62,3.54,20704193.0,74301864.0
2009-05-07,3.61,3.59,3.63,3.5,22482825.0,80049408.0
2009-05-08,3.59,3.59,3.59,3.59,0.0,0.0
2009-05-11,3.66,3.38,3.66,3.38,21251080.0,74824928.0
2009-05-12,3.37,3.55,3.57,3.35,15418640.0,53610768.0
2009-05-13,3.53,3.57,3.62,3.52,14587937.0,52122616.0
2009-05-14,3.54,3.55,3.59,3.48,11887025.0,42071096.0
2009-05-15,3.55,3.6,3.63,3.55,16298477.0,58651136.0
2009-05-18,3.57,3.81,3.89,3.55,41407588.0,154425776.0
2009-05-19,3.8,3.72,3.8,3.64,31269967.0,116351872.0
2009-05-20,3.68,3.67,3.79,3.67,18525323.0,68964360.0
2009-05-21,3.67,3.68,3.88,3.63,27712840.0,103948880.0
2009-05-22,3.65,3.69,3.74,3.64,13195524.0,48779184.0
2009-05-25,3.58,3.64,3.69,3.5,15387137.0,55085576.0
2009-05-26,3.64,3.68,3.76,3.64,14710404.0,54270816.0
2009-05-27,3.72,3.7,3.72,3.63,12251067.0,45143768.0
2009-06-01,3.73,3.74,3.79,3.65,17366625.0,64605272.0
2009-06-02,3.74,3.72,3.77,3.69,13855523.0,51616540.0
2009-06-03,3.81,3.75,3.87,3.73,22561493.0,85508160.0
2009-06-04,3.7,3.69,3.76,3.64,15331668.0,56563192.0
2009-06-05,3.67,3.71,3.74,3.66,15116231.0,55966940.0
2009-06-08,3.67,3.68,3.74,3.65,10466775.0,38606532.0
2009-06-09,3.72,3.89,3.94,3.7,51842860.0,198007856.0
2009-06-10,3.84,3.88,3.91,3.81,25341124.0,97940008.0
2009-06-11,3.95,3.83,4.01,3.81,43643062.0,170877120.0
2009-06-12,3.81,3.68,3.83,3.64,25644890.0,95466408.0
2009-06-15,3.72,3.72,3.8,3.65,16498274.0,61504284.0
2009-06-16,3.72,3.63,3.76,3.59,23792995.0,87039416.0
2009-06-17,3.57,3.59,3.66,3.5,12722362.0,45375832.0
2009-06-18,3.6,3.6,3.63,3.5,19304333.0,68662848.0
2009-06-19,3.59,3.64,3.7,3.59,18291527.0,66683596.0
2009-06-22,3.67,3.54,3.67,3.53,17668806.0,63168124.0
2009-06-23,3.52,3.48,3.56,3.41,18880240.0,65674704.0
2009-06-24,3.48,3.51,3.53,3.45,10079807.0,35251156.0
2009-06-25,3.52,3.49,3.53,3.46,9904831.0,34602152.0
2009-06-26,3.49,3.5,3.53,3.43,11369466.0,39587156.0
2009-06-29,3.54,3.58,3.68,3.53,20581747.0,73942584.0
2009-06-30,3.56,3.5,3.57,3.48,11089780.0,38972436.0
2009-07-01,3.49,3.47,3.53,3.47,10637583.0,37089756.0
2009-07-02,3.47,3.53,3.55,3.46,13908029.0,48591364.0
2009-07-03,3.5,3.56,3.61,3.47,19451130.0,68656656.0
2009-07-06,3.53,3.52,3.61,3.49,16033316.0,56735168.0
2009-07-07,3.52,3.54,3.57,3.5,13871347.0,49122644.0
2009-07-08,3.53,3.59,3.59,3.52,14589982.0,51966500.0
2009-07-09,3.62,3.82,3.82,3.59,40554586.0,151113280.0
2009-07-10,3.84,3.77,3.85,3.73,28512346.0,108190032.0
2009-07-13,3.78,3.82,3.84,3.73,24704443.0,93988808.0
2009-07-14,3.83,3.93,3.94,3.8,29416600.0,113723296.0
2009-07-15,3.93,4.08,4.11,3.91,36588237.0,147254464.0
2009-07-16,4.08,4.26,4.45,4.04,51645114.0,220194112.0
2009-07-17,4.25,4.23,4.39,4.14,30395253.0,128982576.0
2009-07-20,4.22,4.2,4.26,4.12,25405666.0,106329968.0
2009-07-21,4.21,4.02,4.23,3.99,37846388.0,154436128.0
2009-07-22,4.02,4.06,4.11,4.01,18373315.0,74523480.0
2009-07-23,4.07,4.01,4.08,3.95,18050608.0,72085568.0
2009-07-24,4.02,4.04,4.1,3.93,18695275.0,75225072.0
2009-07-27,4.04,4.04,4.06,3.99,17001221.0,68292344.0
2009-07-28,4.04,4.17,4.17,4.02,27969812.0,114444040.0
2009-07-29,4.17,3.83,4.17,3.75,26652352.0,106211869.0
2009-07-30,3.83,3.85,3.93,3.63,19648269.0,74298440.0
2009-07-31,3.86,3.95,3.97,3.81,17917178.0,69687984.0
2009-08-03,3.97,4.01,4.02,3.88,19142305.0,75743096.0
2009-08-04,4.01,3.95,4.01,3.88,18349519.0,72579688.0
2009-08-05,3.98,4.17,4.34,3.93,51173901.0,213653888.0
2009-08-06,4.11,4.23,4.38,4.07,63507648.0,271133824.0
2009-08-07,4.23,4.53,4.65,4.23,84249303.0,378098496.0
2009-08-10,4.65,4.43,4.68,4.34,48359269.0,215354096.0
2009-08-11,4.39,4.26,4.43,4.23,27681270.0,119194608.0
2009-08-12,4.26,4.16,4.26,4.02,28980571.0,119730112.0
2009-08-13,4.11,4.15,4.21,4.06,13997660.0,57974444.0
2009-08-14,4.11,4.0,4.22,3.97,22675780.0,93709408.0
2009-08-17,3.95,3.6,3.95,3.6,21195352.0,79024960.0
2009-08-18,3.56,3.73,3.76,3.47,16434714.0,59649312.0
2009-08-19,3.72,3.47,3.72,3.43,15345346.0,54643168.0
2009-08-20,3.47,3.63,3.68,3.47,13826729.0,49469572.0
2009-08-21,3.87,4.0,4.0,3.74,66185825.0,262515584.0
2009-08-24,4.0,4.0,4.0,4.0,0.0,0.0
2009-08-25,3.95,4.4,4.4,3.78,84493521.0,349762560.0
2009-08-26,4.26,4.46,4.72,4.14,90562689.0,400545376.0
2009-08-27,4.34,4.2,4.44,4.09,58726951.0,251034704.0
2009-08-28,4.16,4.21,4.42,4.1,47505646.0,204793568.0
2009-08-31,4.07,3.88,4.18,3.79,36794298.0,145941344.0
2009-09-01,3.81,3.79,3.96,3.69,26023329.0,100139624.0
2009-09-02,3.73,3.73,3.86,3.63,22903782.0,85627688.0
2009-09-03,3.72,3.94,3.98,3.69,25314125.0,98071816.0
2009-09-04,3.9,4.04,4.11,3.87,27513103.0,110197688.0
2009-09-07,4.04,4.04,4.15,3.98,26640409.0,108258368.0
2009-09-08,3.99,4.17,4.39,3.95,37773986.0,158647136.0
2009-09-09,4.15,4.22,4.26,4.05,32501815.0,135665296.0
2009-09-10,4.19,4.31,4.34,4.08,40767475.0,173256704.0
2009-09-11,4.35,4.3,4.42,4.27,44495216.0,193844800.0
2009-09-14,4.34,4.43,4.52,4.31,37712166.0,166698576.0
2009-09-15,4.43,4.36,4.49,4.3,30408811.0,133231800.0
2009-09-16,4.36,4.48,4.6,4.27,41978305.0,185782944.0
2009-09-17,4.42,4.48,4.55,4.4,32354000.0,145309632.0
2009-09-18,4.5,4.19,4.53,4.13,33834199.0,146916384.0
2009-09-21,4.15,4.33,4.35,4.07,22485347.0,94583456.0
2009-09-22,4.3,4.3,4.39,4.23,20369211.0,87661480.0
2009-09-23,4.3,4.11,4.36,4.06,21180125.0,89560560.0
2009-09-24,4.07,4.11,4.18,3.97,16637436.0,68100376.0
2009-09-25,4.11,4.1,4.26,4.05,14690481.0,61324180.0
2009-09-28,4.11,3.85,4.14,3.81,16604827.0,66319864.0
2009-09-29,3.85,3.73,3.88,3.66,12256940.0,46034960.0
2009-09-30,3.78,3.77,3.84,3.74,10113675.0,38356976.0
2009-10-09,3.82,3.96,3.98,3.82,11124026.0,43508132.0
2009-10-12,3.98,3.95,4.01,3.92,9099127.0,36088408.0
2009-10-13,3.94,4.06,4.1,3.93,12843666.0,51618784.0
2009-10-14,4.05,4.23,4.32,4.02,24071118.0,100584688.0
2009-10-15,4.23,4.17,4.26,4.14,15569941.0,65429896.0
2009-10-16,4.18,4.22,4.23,4.12,15974236.0,66797628.0
2009-10-19,4.23,4.35,4.41,4.2,28969022.0,124692808.0
2009-10-20,4.33,4.45,4.47,4.3,31831500.0,139830320.0
2009-10-21,4.37,4.41,4.68,4.35,57292492.0,259000144.0
2009-10-22,4.35,4.43,4.62,4.31,42875815.0,192268480.0
2009-10-23,4.48,4.41,4.49,4.31,39072045.0,171748528.0
2009-10-26,4.38,4.3,4.43,4.26,23583015.0,102341928.0
2009-10-27,4.28,4.74,4.74,4.21,98738601.0,459537920.0
2009-10-28,4.74,4.77,5.03,4.65,115547778.0,558060864.0
2009-10-29,4.65,4.92,5.16,4.61,82887639.0,408062816.0
2009-10-30,4.94,4.88,5.06,4.74,47577972.0,232800752.0
2009-11-02,4.74,5.26,5.26,4.69,54361196.0,268376928.0
2009-11-03,5.19,5.23,5.57,5.14,65386970.0,351173056.0
2009-11-04,5.2,5.26,5.48,5.14,49399852.0,262170896.0
2009-11-05,5.25,5.47,5.48,5.2,42238643.0,225113280.0
2009-11-06,5.47,5.35,5.51,5.3,36308718.0,196343168.0
2009-11-09,5.35,5.24,5.35,5.16,29607580.0,154754576.0
2009-11-10,5.26,5.31,5.43,5.22,26744868.0,143027792.0
2009-11-11,5.27,5.28,5.37,5.19,18098825.0,95435592.0
2009-11-12,5.28,5.29,5.41,5.22,20191399.0,107332312.0
2009-11-13,5.26,5.16,5.29,5.07,32582133.0,168071952.0
2009-11-16,5.19,5.42,5.45,5.16,48224049.0,255080304.0
2009-11-17,5.42,5.54,5.67,5.37,48848786.0,270271360.0
2009-11-18,5.54,5.48,5.64,5.41,29145285.0,160632416.0
2009-11-19,5.48,5.46,5.5,5.33,27962496.0,151519920.0
2009-11-20,5.47,5.5,5.59,5.39,29155576.0,160766960.0
2009-11-23,5.51,5.59,5.59,5.43,32121400.0,177192336.0
2009-11-24,5.6,5.14,5.64,5.09,39172830.0,212461328.0
2009-11-25,5.14,5.3,5.37,5.1,24098865.0,126859624.0
2009-11-26,5.26,5.07,5.38,5.0,28664279.0,150014704.0
2009-11-27,4.99,5.05,5.17,4.89,23310163.0,117300384.0
2009-11-30,5.24,5.41,5.42,5.14,32553049.0,172790912.0
2009-12-01,5.41,5.8,5.93,5.35,51379190.0,288913248.0
2009-12-02,5.86,6.37,6.37,5.85,105340354.0,662077376.0
2009-12-03,6.37,6.48,6.76,6.21,125178858.0,807574592.0
2009-12-04,6.48,6.48,6.48,6.48,0.0,0.0
2009-12-07,6.17,6.22,6.36,6.09,48372342.0,301631488.0
2009-12-08,6.25,6.11,6.36,6.03,32752246.0,201643024.0
2009-12-09,6.09,6.0,6.21,5.94,24697552.0,149460640.0
2009-12-10,6.01,6.11,6.19,5.96,24066344.0,145764832.0
2009-12-11,6.07,5.99,6.09,5.96,16117935.0,96961488.0
2009-12-14,5.95,5.94,6.04,5.75,17936820.0,105470816.0
2009-12-15,5.95,6.13,6.23,5.9,26409558.0,162040688.0
2009-12-16,6.15,6.09,6.32,6.09,25794674.0,160256640.0
2009-12-17,6.09,5.91,6.1,5.78,17483495.0,103493768.0
2009-12-18,5.83,5.88,6.05,5.64,30168050.0,176325920.0
2009-12-21,5.88,6.17,6.19,5.8,31238291.0,189048400.0
2009-12-22,6.09,5.94,6.28,5.9,31682469.0,193476848.0
2009-12-23,5.89,5.97,6.05,5.85,14855400.0,88556400.0
2009-12-24,5.98,6.22,6.28,5.98,36045422.0,223181536.0
2009-12-25,6.2,6.27,6.37,6.11,29416193.0,184088016.0
2009-12-28,6.36,6.29,6.58,6.18,55771531.0,355375872.0
2009-12-29,6.21,6.21,6.36,6.12,25536586.0,158541328.0
2009-12-30,6.21,6.63,6.78,6.02,76009247.0,489616896.0
2009-12-31,6.63,6.58,6.85,6.47,63725616.0,425005120.0
2010-01-04,6.6,6.6,6.82,6.55,32155192.0,214526128.0
2010-01-05,6.6,6.89,6.95,6.5,45059071.0,303101312.0
2010-01-06,6.91,7.04,7.31,6.86,54347176.0,386678131.0
2010-01-07,6.99,6.84,7.12,6.77,38431068.0,266440912.0
2010-01-08,6.76,6.93,6.98,6.62,29128011.0,198193232.0
2010-01-11,7.46,6.79,7.46,6.72,46452416.0,327071712.0
2010-01-12,6.69,6.7,6.83,6.55,30401629.0,202750083.0
2010-01-13,6.52,6.56,6.68,6.47,24779375.0,162734480.0
2010-01-14,6.56,6.68,6.73,6.56,16912597.0,112676920.0
2010-01-15,6.82,7.01,7.1,6.77,42144035.0,294259808.0
2010-01-18,7.03,7.4,7.52,7.03,49249028.0,361643424.0
2010-01-19,7.51,7.43,7.54,7.3,30908530.0,229202544.0
2010-01-20,7.46,7.1,7.65,7.06,43853745.0,323332096.0
2010-01-21,7.12,7.31,7.42,7.11,23646268.0,172280400.0
2010-01-22,7.24,7.16,7.49,6.93,32163375.0,231412992.0
2010-01-25,7.08,7.19,7.38,7.08,19723923.0,142816816.0
2010-01-26,7.24,6.74,7.27,6.65,25087878.0,172344928.0
2010-01-27,6.7,6.47,6.79,6.47,13101994.0,86876688.0
2010-01-28,6.5,6.36,6.57,6.21,17086003.0,109631136.0
2010-01-29,6.33,6.47,6.64,6.31,14781429.0,96288752.0
2010-02-01,6.44,6.76,6.78,6.37,19395842.0,128431488.0
2010-02-02,6.79,6.62,6.87,6.6,14614436.0,98375808.0
2010-02-03,6.7,7.17,7.28,6.65,26935703.0,186860992.0
2010-02-04,7.08,7.13,7.27,7.07,19439698.0,139315744.0
2010-02-05,7.01,7.35,7.43,6.95,27116394.0,196215648.0
2010-02-08,7.28,7.27,7.52,7.22,22248343.0,164682080.0
2010-02-09,7.33,6.98,7.34,6.98,21629223.0,154400432.0
2010-02-10,7.01,7.15,7.2,6.87,18268227.0,128156000.0
2010-02-11,7.08,7.05,7.24,7.04,9590264.0,68358304.0
2010-02-12,7.09,7.18,7.4,6.98,16098983.0,116156960.0
2010-02-22,7.3,7.03,7.31,6.99,14289724.0,101578808.0
2010-02-23,6.99,6.8,7.04,6.62,17069975.0,115454864.0
2010-02-24,6.7,6.97,6.98,6.68,11503076.0,78787928.0
2010-02-25,6.98,7.06,7.14,6.92,15243217.0,107135560.0
2010-02-26,7.04,7.19,7.22,6.99,17943959.0,128241344.0
2010-03-01,7.15,7.32,7.37,7.12,22655173.0,164182848.0
2010-03-02,7.33,7.1,7.34,7.04,19693337.0,141660480.0
2010-03-03,7.07,7.12,7.2,7.03,16333622.0,116040432.0
2010-03-04,7.12,7.24,7.36,7.05,38820968.0,281366784.0
2010-03-05,7.27,7.52,7.75,7.12,51524179.0,384055264.0
2010-03-08,7.56,7.46,7.58,7.32,23400336.0,174278496.0
2010-03-09,7.46,7.71,7.8,7.39,34260601.0,261316144.0
2010-03-10,7.66,7.39,7.77,7.35,25061502.0,188950928.0
2010-03-11,7.36,7.23,7.44,7.1,23335604.0,168715472.0
2010-03-12,7.21,7.09,7.26,7.07,12642274.0,90430280.0
2010-03-15,7.04,7.27,7.31,7.01,14122371.0,101108168.0
2010-03-16,7.24,7.32,7.4,7.2,9749357.0,71301752.0
2010-03-17,7.31,7.43,7.46,7.27,11657198.0,85993432.0
2010-03-18,7.43,7.4,7.63,7.33,16960469.0,127201944.0
2010-03-19,7.4,7.33,7.52,7.14,18366230.0,134020968.0
2010-03-22,7.35,7.39,7.46,7.2,12863379.0,94251496.0
2010-03-23,7.38,7.2,7.38,7.16,13698118.0,99013288.0
2010-03-24,7.2,7.28,7.39,7.13,13450692.0,97594752.0
2010-03-25,7.25,7.14,7.31,7.04,20481819.0,146733072.0
2010-03-26,7.09,6.96,7.09,6.7,27043339.0,187121168.0
2010-03-29,6.98,6.84,7.11,6.76,32198664.0,222001456.0
2010-03-30,6.84,6.86,6.9,6.76,13182897.0,90067656.0
2010-03-31,6.87,6.9,6.98,6.85,13195051.0,91254616.0
2010-04-01,6.91,6.9,6.94,6.82,17767233.0,122187872.0
2010-04-02,6.9,6.91,6.96,6.84,12823622.0,88542816.0
2010-04-06,6.92,6.82,6.94,6.79,16698565.0,114080656.0
2010-04-07,6.82,6.89,6.89,6.78,12611536.0,86357704.0
2010-04-08,6.92,6.76,6.92,6.74,15853356.0,107972776.0
2010-04-09,6.74,6.7,6.79,6.55,19642510.0,130939528.0
2010-04-12,6.73,7.0,7.01,6.56,31818735.0,215562800.0
2010-04-13,6.95,7.07,7.14,6.78,38941380.0,273824640.0
2010-04-14,7.08,7.01,7.14,6.95,16679287.0,116744608.0
2010-04-15,7.01,6.92,7.08,6.91,18378562.0,128618960.0
2010-04-16,6.91,6.66,6.91,6.47,17582394.0,117020800.0
2010-04-19,6.64,6.26,6.64,6.26,16533707.0,106765104.0
2010-04-20,6.25,6.26,6.4,6.13,10736414.0,67178640.0
2010-04-21,6.28,6.48,6.54,6.28,12325345.0,79182240.0
2010-04-22,6.47,6.31,6.47,6.26,13498876.0,85466776.0
2010-04-23,6.3,6.21,6.33,6.14,15215758.0,94772216.0
2010-04-26,6.21,6.1,6.24,6.09,10066509.0,61911332.0
2010-04-27,6.06,5.71,6.06,5.61,14211043.0,82170944.0
2010-04-28,5.64,5.79,5.83,5.57,6774004.0,38868916.0
2010-04-29,5.8,5.57,5.86,5.57,6563481.0,37461184.0
2010-04-30,5.54,5.33,5.61,5.24,7856721.0,41909036.0
2010-05-04,5.26,5.26,5.4,5.18,4982269.0,26414192.0
2010-05-05,5.26,5.47,5.48,5.22,9095331.0,49063020.0
2010-05-06,5.41,5.54,5.6,5.33,11438061.0,62839476.0
2010-05-07,5.6,5.38,5.6,5.37,9483559.0,51998980.0
2010-05-10,5.39,5.43,5.54,5.3,7698035.0,41799768.0
2010-05-11,5.51,5.34,5.56,5.31,9240316.0,50289016.0
2010-05-12,5.32,5.52,5.52,5.1,11097574.0,58589992.0
2010-05-13,5.53,5.61,5.64,5.41,12765482.0,70355768.0
2010-05-14,5.58,5.52,5.63,5.48,8511282.0,47228608.0
2010-05-17,5.41,4.98,5.47,4.97,8723812.0,45817408.0
2010-05-18,4.97,4.84,5.06,4.53,13746079.0,65787400.0
2010-05-19,4.75,4.77,4.87,4.64,7987380.0,37989244.0
2010-05-20,4.72,4.59,4.79,4.57,8063311.0,37608324.0
2010-05-21,4.59,4.59,4.59,4.59,0.0,0.0
2010-05-24,4.72,5.05,5.05,4.68,10945663.0,53664892.0
2010-05-25,5.18,5.37,5.55,5.06,33359493.0,176290544.0
2010-05-26,5.33,5.35,5.45,5.17,15050254.0,79991680.0
2010-05-27,5.35,5.37,5.39,5.2,12209900.0,64899884.0
2010-05-28,5.42,5.27,5.54,5.25,12034483.0,64448996.0
2010-05-31,5.26,5.39,5.51,5.22,16710259.0,90119224.0
2010-06-01,5.33,5.06,5.51,5.04,19635165.0,103095536.0
2010-06-02,4.87,5.07,5.16,4.87,9533954.0,48185516.0
2010-06-03,5.1,5.07,5.22,5.07,9187015.0,47266872.0
2010-06-04,5.03,5.14,5.22,5.0,8441284.0,43457776.0
2010-06-07,5.03,5.0,5.1,4.95,6517639.0,32707774.0
2010-06-08,5.0,5.13,5.22,4.97,8349922.0,42861772.0
2010-06-09,5.11,5.24,5.26,5.1,9076535.0,47156444.0
2010-06-10,5.22,5.27,5.4,5.19,10534963.0,55823476.0
2010-06-11,5.29,5.26,5.35,5.22,6171667.0,32634726.0
2010-06-17,5.35,5.24,5.36,5.24,5288574.0,27963766.0
2010-06-18,5.26,5.07,5.3,5.05,7522259.0,39018640.0
2010-06-21,5.1,5.23,5.23,4.99,5832441.0,30020244.0
2010-06-22,5.23,5.31,5.34,5.19,6371597.0,33559904.0
2010-06-23,5.29,5.31,5.41,5.22,10946244.0,58201944.0
2010-06-24,5.33,5.2,5.33,5.18,6700287.0,35112440.0
2010-06-25,5.19,5.25,5.29,5.1,6823859.0,35385200.0
2010-06-28,5.3,5.09,5.3,5.08,5010850.0,25793186.0
2010-06-29,5.06,4.58,5.1,4.58,12513134.0,59089024.0
2010-06-30,4.55,4.5,4.61,4.28,8215036.0,36243184.0
2010-07-01,4.47,4.43,4.57,4.42,6620251.0,29744744.0
2010-07-02,4.38,4.49,4.49,4.19,7097504.0,31210774.0
2010-07-05,4.38,4.46,4.55,4.35,5091135.0,22665926.0
2010-07-06,4.42,4.62,4.68,4.4,10073064.0,46131436.0
2010-07-07,4.61,4.6,4.62,4.54,5915113.0,27064190.0
2010-07-08,4.62,4.52,4.64,4.5,5136876.0,23389006.0
2010-07-09,4.52,4.62,4.66,4.5,10130323.0,46630552.0
2010-07-12,4.64,4.65,4.71,4.58,8686442.0,40357736.0
2010-07-13,4.61,4.47,4.61,4.46,9948559.0,44702080.0
2010-07-14,4.47,4.53,4.57,4.47,6740156.0,30551892.0
2010-07-15,4.59,4.45,4.65,4.45,7250059.0,33096360.0
2010-07-16,4.36,4.42,4.45,4.31,4990984.0,21794284.0
2010-07-19,4.35,4.55,4.56,4.33,5876167.0,26376052.0
2010-07-20,4.57,4.65,4.7,4.54,11645807.0,54068892.0
2010-07-21,4.65,4.68,4.73,4.61,12256757.0,57278792.0
2010-07-22,4.67,4.74,4.78,4.65,10446224.0,49306596.0
2010-07-23,4.74,4.71,4.81,4.62,13785705.0,65009492.0
2010-07-26,4.7,4.8,4.82,4.69,14987737.0,71485400.0
2010-07-27,4.76,4.71,4.79,4.7,9061967.0,42953860.0
2010-07-28,4.69,4.84,4.85,4.66,17132665.0,82113960.0
2010-07-29,4.84,5.03,5.18,4.81,30762207.0,152754368.0
2010-07-30,4.99,4.96,4.99,4.87,15715042.0,77556792.0
2010-08-02,4.92,5.02,5.04,4.91,15737888.0,78508024.0
2010-08-03,5.01,5.01,5.14,5.0,19947872.0,101097608.0
2010-08-04,5.0,5.13,5.16,4.88,18490139.0,92927392.0
2010-08-05,5.1,5.12,5.16,5.04,15056048.0,76996824.0
2010-08-06,5.09,5.14,5.16,4.95,17933978.0,90895336.0
2010-08-09,5.12,5.16,5.22,5.1,15202964.0,78348408.0
2010-08-10,5.16,4.95,5.24,4.95,17102827.0,87263136.0
2010-08-11,4.91,4.97,5.0,4.88,11241807.0,55562600.0
2010-08-12,4.91,4.8,4.97,4.78,10896465.0,53159896.0
2010-08-13,4.81,4.89,4.9,4.81,7644080.0,37112164.0
2010-08-16,4.87,5.0,5.07,4.84,13900460.0,69081944.0
2010-08-17,5.0,5.05,5.13,5.0,12200339.0,61694620.0
2010-08-18,5.05,5.09,5.12,4.99,12990001.0,65710116.0
2010-08-19,5.1,5.17,5.22,5.02,26730603.0,137449024.0
2010-08-20,5.13,4.98,5.15,4.95,13149761.0,66234504.0
2010-08-23,4.98,4.97,5.03,4.94,8620444.0,42965936.0
2010-08-24,4.98,5.04,5.08,4.91,11548209.0,57841256.0
2010-08-25,5.0,5.1,5.15,4.93,22611649.0,114636552.0
2010-08-26,5.07,5.24,5.29,5.07,33239578.0,173073440.0
2010-08-27,5.24,5.17,5.27,5.13,14761795.0,76694424.0
2010-08-30,5.21,5.25,5.31,5.19,20502615.0,107719768.0
2010-08-31,5.23,5.14,5.23,5.11,19596030.0,101108912.0
2010-09-01,5.16,4.9,5.17,4.82,25838371.0,129047480.0
2010-09-02,4.9,4.98,5.06,4.86,17857597.0,88548152.0
2010-09-03,4.97,4.93,4.97,4.84,15933538.0,78212760.0
2010-09-06,4.94,5.01,5.05,4.93,15017866.0,75076448.0
2010-09-07,5.03,5.06,5.06,4.96,11571518.0,57998072.0
2010-09-08,5.03,5.1,5.13,4.95,18736575.0,94398232.0
2010-09-09,5.13,4.94,5.13,4.91,17944803.0,89986976.0
2010-09-10,4.94,4.92,4.98,4.78,13637054.0,66574456.0
2010-09-13,4.92,4.97,5.0,4.9,11509195.0,56996500.0
2010-09-14,5.0,4.94,5.0,4.91,11022193.0,54583456.0
2010-09-15,4.94,5.06,5.21,4.9,33727156.0,170962800.0
2010-09-16,5.1,5.34,5.52,5.08,68716045.0,365941728.0
2010-09-17,5.22,5.38,5.51,5.14,44075184.0,235372672.0
2010-09-20,5.42,5.35,5.48,5.22,31267966.0,167736640.0
2010-09-21,5.32,5.22,5.45,5.18,18456076.0,97853448.0
2010-09-27,5.22,5.22,5.22,5.22,0.0,0.0
2010-09-28,5.31,5.09,5.39,5.07,25819679.0,134653792.0
2010-09-29,5.09,4.97,5.12,4.96,12902832.0,64584512.0
2010-09-30,4.97,5.06,5.07,4.94,9035834.0,45428896.0
2010-10-08,5.1,5.16,5.22,5.03,16020641.0,82299928.0
2010-10-11,5.18,5.24,5.32,5.1,23394585.0,122602592.0
2010-10-12,5.23,5.16,5.23,5.15,17962965.0,93038936.0
2010-10-13,5.15,5.4,5.41,5.14,35170417.0,186838432.0
2010-10-14,5.36,5.17,5.39,5.16,24708792.0,130469504.0
2010-10-15,5.15,5.26,5.37,5.02,28224799.0,146800208.0
2010-10-18,5.3,5.18,5.32,5.0,20804895.0,107595600.0
2010-10-19,5.15,5.44,5.45,5.09,33560938.0,179001632.0
2010-10-20,5.32,5.39,5.51,5.26,31994693.0,172486240.0
2010-10-21,5.41,5.55,5.65,5.35,40658504.0,225289008.0
2010-10-22,5.52,5.55,5.59,5.43,28309453.0,155853184.0
2010-10-25,5.62,5.74,5.83,5.56,39967848.0,227333152.0
2010-10-26,5.71,5.77,6.02,5.61,39973993.0,232553696.0
2010-10-27,5.74,5.54,5.85,5.53,30918157.0,175466048.0
2010-10-28,5.51,5.49,5.58,5.44,17315983.0,95260824.0
2010-10-29,5.49,5.54,5.61,5.45,12472601.0,69041648.0
2010-11-01,5.56,5.6,5.63,5.5,18593288.0,103465848.0
2010-11-02,5.61,5.46,5.61,5.45,23956011.0,131888808.0
2010-11-03,5.48,5.46,5.57,5.42,13311105.0,73299520.0
2010-11-04,5.51,5.57,5.59,5.47,15935302.0,88378896.0
2010-11-05,5.59,5.64,5.67,5.53,21518658.0,120709152.0
2010-11-08,5.65,5.73,5.74,5.61,24667182.0,140071392.0
2010-11-09,5.73,5.77,5.81,5.65,22085504.0,126554712.0
2010-11-10,5.75,5.84,5.92,5.71,27195348.0,158884832.0
2010-11-11,5.82,5.64,5.83,5.64,27429826.0,157915344.0
2010-11-12,5.62,5.13,5.67,5.13,26503544.0,143249184.0
2010-11-15,5.17,5.26,5.29,5.1,13819951.0,71971064.0
2010-11-16,5.25,5.04,5.26,4.97,14584328.0,74790056.0
2010-11-17,4.97,4.89,5.07,4.87,9413865.0,46920740.0
2010-11-18,4.95,4.94,4.98,4.86,8396712.0,41390736.0
2010-11-19,5.01,5.0,5.01,4.87,9066897.0,44820232.0
2010-11-22,4.96,5.1,5.13,4.93,11646843.0,58860048.0
2010-11-23,5.08,4.96,5.08,4.86,8316583.0,41197008.0
2010-11-24,4.95,5.1,5.11,4.89,10431330.0,52433392.0
2010-11-25,5.1,5.16,5.23,5.08,13472481.0,69610296.0
2010-11-26,5.16,5.04,5.16,5.01,8327740.0,42295144.0
2010-11-29,5.07,5.01,5.07,4.95,8264183.0,41250056.0
2010-11-30,5.01,4.81,5.07,4.69,13262203.0,64469628.0
2010-12-01,4.8,4.8,4.84,4.75,7895244.0,37806340.0
2010-12-02,4.84,4.82,4.9,4.81,9358417.0,45411900.0
2010-12-03,4.81,4.76,4.84,4.71,6916753.0,32997950.0
2010-12-06,4.76,4.71,4.78,4.66,6611457.0,31212492.0
2010-12-07,4.68,4.74,4.77,4.62,6880079.0,32393762.0
2010-12-08,4.74,4.74,4.83,4.72,6540093.0,31235654.0
2010-12-09,4.74,4.67,4.78,4.65,5787471.0,27238182.0
2010-12-10,4.65,4.7,4.74,4.61,5154715.0,24161180.0
2010-12-13,4.71,4.8,4.84,4.7,10157591.0,48452376.0
2010-12-14,4.81,4.84,4.87,4.78,9456784.0,45678876.0
2010-12-15,4.84,4.79,4.85,4.78,7269993.0,34970620.0
2010-12-16,4.8,4.78,4.81,4.74,6759430.0,32294998.0
2010-12-17,4.78,4.77,4.79,4.75,5170460.0,24680430.0
2010-12-20,4.78,4.64,4.81,4.57,8139598.0,38050044.0
2010-12-21,4.66,4.72,4.72,4.61,7160474.0,33485824.0
2010-12-22,4.75,4.79,4.84,4.69,13284079.0,63348392.0
2010-12-23,4.74,4.65,4.75,4.63,8122699.0,38055948.0
2010-12-24,4.62,4.62,4.68,4.59,5027727.0,23237866.0
2010-12-27,4.63,4.52,4.68,4.51,6450784.0,29668720.0
2010-12-28,4.52,4.34,4.53,4.32,6267690.0,27549246.0
2010-12-29,4.37,4.42,4.42,4.33,4033823.0,17662856.0
2010-12-30,4.44,4.39,4.44,4.34,4304167.0,18853796.0
2010-12-31,4.39,4.45,4.46,4.39,3704658.0,16383584.0
2011-01-04,4.48,4.49,4.52,4.44,5068644.0,22706830.0
2011-01-05,4.49,4.65,4.67,4.42,12866241.0,58817456.0
2011-01-06,4.62,4.56,4.64,4.55,6431400.0,29474848.0
2011-01-07,4.52,4.6,4.65,4.52,5315622.0,24501684.0
2011-01-10,4.58,4.42,4.59,4.42,5982509.0,27002612.0
2011-01-11,4.4,4.43,4.45,4.34,3748213.0,16456577.0
2011-01-12,4.42,4.48,4.51,4.4,3220893.0,14352436.0
2011-01-13,4.49,4.49,4.51,4.42,3385169.0,15125899.0
2011-01-14,4.48,4.39,4.48,4.39,3253408.0,14377333.0
2011-01-17,4.35,4.2,4.39,4.19,5610607.0,23922164.0
2011-01-18,4.19,4.23,4.26,4.13,2348864.0,9921724.0
2011-01-19,4.23,4.29,4.3,4.19,3614198.0,15393962.0
2011-01-20,4.29,4.09,4.3,4.07,4648843.0,19480498.0
2011-01-21,4.09,4.16,4.17,4.07,3058778.0,12637803.0
2011-01-24,4.14,4.11,4.15,4.07,3108321.0,12756123.0
2011-01-25,4.1,4.07,4.16,4.04,2864503.0,11695273.0
2011-01-26,4.08,4.12,4.14,4.04,2249269.0,9232845.0
2011-01-27,4.1,4.17,4.18,4.07,4100698.0,16995486.0
2011-01-28,4.17,4.21,4.22,4.15,2688513.0,11268341.0
2011-01-31,4.2,4.25,4.3,4.2,3646613.0,15501935.0
2011-02-01,4.23,4.25,4.26,4.21,2677452.0,11328309.0
2011-02-09,4.23,4.23,4.27,4.2,2934072.0,12424389.0
2011-02-10,4.22,4.31,4.32,4.18,5572152.0,23752950.0
2011-02-11,4.31,4.36,4.39,4.28,5644431.0,24539720.0
2011-02-14,4.36,4.36,4.36,4.36,0.0,0.0
2011-02-15,4.46,4.51,4.67,4.46,22468792.0,102454000.0
2011-02-16,4.45,4.67,4.67,4.43,19408096.0,88562832.0
2011-02-17,4.65,4.63,4.71,4.58,11527121.0,53498184.0
2011-02-18,4.63,4.62,4.67,4.51,8160783.0,37464772.0
2011-02-21,4.55,4.65,4.65,4.55,7285157.0,33619680.0
2011-02-22,4.64,4.45,4.66,4.45,7951587.0,36063888.0
2011-02-23,4.42,4.49,4.54,4.42,4425854.0,19860574.0
2011-02-24,4.49,4.57,4.58,4.46,5379850.0,24362440.0
2011-02-25,4.55,4.6,4.62,4.53,5932357.0,27178754.0
2011-02-28,4.62,4.79,4.79,4.58,15604050.0,73182928.0
2011-03-01,4.78,4.88,4.9,4.73,22386922.0,108318976.0
2011-03-02,4.85,5.07,5.18,4.84,32081726.0,160779664.0
2011-03-03,5.0,5.02,5.2,4.97,23761699.0,121016200.0
2011-03-04,5.02,5.03,5.05,4.88,13641913.0,67754856.0
2011-03-07,5.03,5.13,5.15,4.94,20054592.0,101162168.0
2011-03-08,5.07,5.35,5.48,5.07,35302613.0,188390352.0
2011-03-09,5.35,5.48,5.64,5.26,28276561.0,153802224.0
2011-03-10,5.48,5.54,5.57,5.41,22477369.0,123576544.0
2011-03-11,5.53,5.53,5.63,5.43,17123111.0,94635080.0
2011-03-14,5.48,5.82,5.83,5.47,34423335.0,196636928.0
2011-03-15,5.78,5.65,5.78,5.4,23297022.0,130731000.0
2011-03-16,5.63,5.55,5.77,5.52,17742191.0,99951752.0
2011-03-17,5.52,5.55,5.68,5.48,14759880.0,82674904.0
2011-03-18,5.65,5.83,5.99,5.64,25317305.0,147891152.0
2011-03-21,5.78,5.61,5.97,5.52,17235164.0,97933736.0
2011-03-22,5.62,5.68,5.73,5.41,13142041.0,73210560.0
2011-03-23,5.6,5.83,5.91,5.56,16443362.0,95346936.0
2011-03-24,5.82,5.86,5.88,5.71,12075957.0,70175080.0
2011-03-25,5.86,5.91,5.98,5.79,16760305.0,98867696.0
2011-03-28,5.91,5.91,5.91,5.91,0.0,0.0
2011-03-29,5.92,5.56,5.97,5.56,17311952.0,98987864.0
2011-03-30,5.57,5.52,5.67,5.48,8248893.0,45843176.0
2011-03-31,5.51,5.32,5.57,5.31,11329531.0,61272832.0
2011-04-01,5.3,5.55,5.65,5.3,16480025.0,91138384.0
2011-04-06,5.55,5.56,5.58,5.36,11034291.0,60013100.0
2011-04-07,5.55,5.68,5.75,5.46,9237511.0,51990828.0
2011-04-08,5.68,5.7,5.79,5.64,7878328.0,44923472.0
2011-04-11,5.73,5.69,5.81,5.66,8392337.0,48030732.0
2011-04-12,5.68,5.62,5.7,5.51,10353703.0,57812920.0
2011-04-13,5.61,5.62,5.65,5.48,6508607.0,36256320.0
2011-04-14,5.62,5.45,5.67,5.43,10604835.0,58491544.0
2011-04-15,5.51,5.48,5.57,5.45,8379772.0,45970272.0
2011-04-18,5.48,5.53,5.54,5.44,7010845.0,38500932.0
2011-04-19,5.5,5.49,5.53,5.39,12017405.0,65389688.0
2011-04-20,5.48,5.7,5.79,5.47,16828440.0,95560448.0
2011-04-21,5.71,5.83,5.86,5.65,16689913.0,96588544.0
2011-04-22,5.83,5.73,5.83,5.73,8584254.0,49599452.0
2011-04-25,5.73,6.02,6.21,5.72,33413895.0,199526928.0
2011-04-26,6.02,5.89,6.07,5.71,21846597.0,128649888.0
2011-04-27,5.85,5.8,5.95,5.72,11300247.0,65661108.0
2011-04-28,5.78,5.86,6.17,5.78,26785099.0,160725584.0
2011-04-29,5.87,5.81,5.87,5.37,20704100.0,117514504.0
2011-05-03,5.79,6.25,6.38,5.72,38430800.0,236766352.0
2011-05-04,6.17,6.25,6.37,6.05,31499032.0,195617776.0
2011-05-05,6.17,5.99,6.28,5.94,23551428.0,143108000.0
2011-05-06,5.89,6.21,6.21,5.83,22235604.0,135597552.0
2011-05-09,6.22,6.25,6.31,6.12,17402252.0,108129552.0
2011-05-10,6.25,6.18,6.35,6.12,17295768.0,107333752.0
2011-05-11,6.17,6.35,6.46,6.02,34226237.0,214372832.0
2011-05-12,6.28,6.08,6.53,6.07,44660410.0,282413600.0
2011-05-13,6.02,6.01,6.12,5.81,29161456.0,173381984.0
2011-05-16,5.95,5.95,6.04,5.89,18443302.0,110051816.0
2011-05-17,5.9,5.89,5.98,5.77,19031340.0,111795992.0
2011-05-18,5.89,5.89,5.89,5.89,0.0,0.0
2011-05-19,5.94,5.76,6.0,5.76,22624341.0,133421168.0
2011-05-20,5.76,5.57,5.76,5.51,23394181.0,131176216.0
2011-05-23,5.55,5.35,5.62,5.32,17722093.0,96516992.0
2011-05-24,5.34,5.32,5.38,5.16,18413664.0,97238544.0
2011-05-25,5.33,5.27,5.37,5.22,13059892.0,69277944.0
2011-05-26,5.31,5.26,5.38,5.25,11568514.0,61514068.0
2011-05-27,5.26,4.95,5.27,4.94,16337674.0,82655536.0
2011-05-30,4.94,4.97,5.07,4.83,11576535.0,57703848.0
2011-05-31,4.97,5.05,5.07,4.87,10580644.0,52752852.0
2011-06-01,5.03,5.05,5.07,5.0,8693387.0,43773568.0
2011-06-02,4.99,4.91,5.0,4.8,12693404.0,61893700.0
2011-06-03,4.89,5.0,5.03,4.87,7072470.0,35241936.0
2011-06-07,5.02,5.05,5.1,4.99,8120877.0,40991128.0
2011-06-08,5.01,5.06,5.06,4.88,10320204.0,51466348.0
2011-06-09,5.15,5.12,5.37,5.09,23012584.0,120609800.0
2011-06-10,5.0,5.18,5.22,4.96,12077810.0,61681320.0
2011-06-13,5.16,5.17,5.23,5.03,9353165.0,48047976.0
2011-06-14,5.17,5.24,5.32,5.15,12706315.0,66544008.0
2011-06-15,5.22,5.17,5.32,5.16,10275947.0,53966436.0
2011-06-16,5.1,4.9,5.15,4.9,12470873.0,62568280.0
2011-06-17,4.85,4.81,4.96,4.8,6474556.0,31682126.0
2011-06-20,4.75,4.71,4.8,4.65,8141012.0,38383292.0
2011-06-21,4.75,4.81,4.81,4.7,6924578.0,33047964.0
2011-06-22,4.81,4.75,4.85,4.73,4856405.0,23257380.0
2011-06-23,4.78,4.87,4.91,4.71,7271497.0,35026596.0
2011-06-24,4.87,4.87,4.87,4.87,0.0,0.0
2011-06-27,5.0,5.05,5.15,4.97,16955605.0,85740032.0
2011-06-28,5.01,5.08,5.1,4.99,10352723.0,52279444.0
2011-06-29,5.11,5.07,5.21,5.07,13894644.0,71462600.0
2011-06-30,5.05,5.23,5.23,5.03,14610679.0,75513232.0
2011-07-01,5.23,5.22,5.35,5.18,16488548.0,86833792.0
2011-07-04,5.23,5.34,5.38,5.21,12427957.0,65936428.0
2011-07-05,5.33,5.41,5.46,5.29,13887341.0,74738280.0
2011-07-06,5.38,5.38,5.41,5.3,8642203.0,46156968.0
2011-07-07,5.37,5.27,5.41,5.26,17255299.0,91710544.0
2011-07-08,5.26,5.34,5.41,5.25,13934978.0,74639232.0
2011-07-11,5.32,5.48,5.51,5.29,12441522.0,67495224.0
2011-07-12,5.43,5.35,5.53,5.33,14411778.0,78290712.0
2011-07-13,5.36,5.47,5.49,5.35,8855502.0,48220284.0
2011-07-14,5.52,5.49,5.52,5.42,10154042.0,55478364.0
2011-07-15,5.48,5.57,5.68,5.45,15926628.0,89067984.0
2011-07-18,5.6,5.54,5.61,5.51,7985919.0,44264048.0
2011-07-19,5.49,5.37,5.51,5.36,10755109.0,58083840.0
2011-07-20,5.4,5.41,5.45,5.29,8443559.0,45319108.0
2011-07-21,5.41,5.32,5.41,5.32,5276712.0,28204308.0
2011-07-22,5.33,5.32,5.37,5.29,5606136.0,29835110.0
2011-07-25,5.29,5.1,5.29,5.01,10211806.0,52397876.0
2011-07-26,5.08,5.06,5.1,5.01,4474962.0,22593474.0
2011-07-27,5.06,5.14,5.2,5.0,7639876.0,39174680.0
2011-07-28,5.1,5.13,5.21,5.07,4973677.0,25580164.0
2011-07-29,5.19,5.18,5.35,5.16,10028278.0,52726744.0
2011-08-01,5.13,5.13,5.18,5.06,6790222.0,34729104.0
2011-08-02,5.09,5.03,5.1,4.95,7419364.0,37146216.0
2011-08-03,4.95,5.01,5.1,4.94,4816027.0,24245604.0
2011-08-04,5.02,5.05,5.08,5.01,5238645.0,26427372.0
2011-08-05,4.86,4.81,4.89,4.76,15925333.0,76804056.0
2011-08-08,4.75,4.49,4.84,4.46,12032082.0,55948480.0
2011-08-09,4.35,4.48,4.52,4.26,9690989.0,42484692.0
2011-08-10,4.55,4.5,4.65,4.49,8575941.0,39215964.0
2011-08-11,4.39,4.58,4.58,4.34,7319409.0,32867422.0
2011-08-12,4.62,4.68,4.7,4.59,7960196.0,37025804.0
2011-08-15,4.71,4.74,4.74,4.66,7309492.0,34368484.0
2011-08-16,4.74,4.76,4.9,4.71,12621465.0,60450568.0
2011-08-17,4.76,4.74,4.8,4.72,4477091.0,21284986.0
2011-08-18,4.76,4.56,4.78,4.56,10463356.0,48358400.0
2011-08-19,4.45,4.51,4.52,4.45,5245385.0,23525350.0
2011-08-22,4.51,4.51,4.51,4.51,0.0,0.0
2011-08-23,4.54,4.54,4.58,4.46,16252064.0,73448624.0
2011-08-24,4.57,4.58,4.65,4.54,15795954.0,72323080.0
2011-08-25,4.58,4.68,4.7,4.56,11136079.0,51615076.0
2011-08-26,4.65,4.71,4.74,4.65,9989377.0,46843640.0
2011-08-29,4.68,4.61,4.7,4.61,8833986.0,40976608.0
2011-08-30,4.64,4.62,4.77,4.62,15617209.0,73044024.0
2011-08-31,4.62,4.57,4.64,4.51,7901659.0,36114100.0
2011-09-01,4.6,4.56,4.63,4.53,6554858.0,30034022.0
2011-09-02,4.57,4.46,4.58,4.42,8494084.0,38033104.0
2011-09-05,4.39,4.3,4.39,4.26,7633542.0,33018980.0
2011-09-06,4.27,4.31,4.35,4.26,3933087.0,16946204.0
2011-09-07,4.35,4.39,4.42,4.34,9036593.0,39592108.0
2011-09-08,4.42,4.3,4.43,4.3,5628150.0,24628644.0
2011-09-09,4.3,4.31,4.37,4.26,4715835.0,20366044.0
2011-09-13,4.26,4.26,4.28,4.2,3810254.0,16152840.0
2011-09-14,4.28,4.35,4.36,4.2,4350309.0,18678788.0
2011-09-15,4.36,4.35,4.41,4.33,4975328.0,21749210.0
2011-09-16,4.38,4.35,4.41,4.34,4039150.0,17691250.0
2011-09-19,4.33,4.24,4.33,4.23,4026531.0,17173972.0
2011-09-20,4.23,4.27,4.3,4.2,6271640.0,26566530.0
2011-09-21,4.27,4.39,4.41,4.23,7789673.0,33871308.0
2011-09-22,4.36,4.22,4.39,4.22,6925732.0,29747188.0
2011-09-23,4.17,4.22,4.23,4.12,4449541.0,18591458.0
2011-09-26,4.18,4.18,4.26,4.16,3538137.0,14854916.0
2011-09-27,4.2,4.24,4.26,4.17,3792298.0,15979905.0
2011-09-28,4.25,4.17,4.29,4.16,4981152.0,21036248.0
2011-09-29,4.12,3.97,4.14,3.95,9815032.0,39496876.0
2011-09-30,3.98,3.97,4.01,3.91,3384336.0,13397706.0
2011-10-10,4.01,3.96,4.01,3.95,2705494.0,10750027.0
2011-10-11,4.07,3.98,4.09,3.93,3910452.0,15706699.0
2011-10-12,3.98,4.15,4.16,3.95,6852336.0,28032330.0
2011-10-13,4.16,4.17,4.2,4.12,7351701.0,30588328.0
2011-10-14,4.23,4.21,4.23,4.11,5401798.0,22549158.0
2011-10-17,4.19,4.2,4.24,4.16,4139856.0,17348090.0
2011-10-18,4.17,4.04,4.17,4.02,5175138.0,21138678.0
2011-10-19,4.05,4.03,4.11,4.0,4121563.0,16677662.0
2011-10-20,4.0,3.88,4.03,3.81,6097765.0,23760150.0
2011-10-21,3.88,3.84,3.9,3.81,3502684.0,13491526.0
2011-10-24,3.85,3.93,3.94,3.81,4098879.0,15925507.0
2011-10-25,3.94,4.04,4.06,3.91,5517684.0,22040370.0
2011-10-26,4.0,4.05,4.09,4.0,5891845.0,23893836.0
2011-10-27,4.03,4.01,4.08,3.99,10041332.0,40454264.0
2011-10-28,4.06,4.11,4.11,4.02,9507166.0,38605440.0
2011-10-31,4.1,4.08,4.11,4.05,7639104.0,31132938.0
2011-11-01,4.05,4.07,4.11,4.01,7687472.0,31232690.0
2011-11-02,4.02,4.14,4.14,3.97,9161805.0,37012724.0
2011-11-03,4.15,4.16,4.22,4.14,16784518.0,70244944.0
2011-11-04,4.16,4.22,4.26,4.13,11769019.0,49408364.0
2011-11-07,4.18,4.18,4.24,4.17,7578198.0,31821292.0
2011-11-08,4.18,4.11,4.2,4.11,7763318.0,32230906.0
2011-11-09,4.14,4.15,4.16,4.05,6799402.0,27956330.0
2011-11-10,4.1,4.06,4.12,4.05,8343476.0,34041728.0
2011-11-11,4.06,4.07,4.1,4.04,4860642.0,19787048.0
2011-11-14,4.11,4.18,4.22,4.1,8783236.0,36583904.0
2011-11-15,4.18,4.23,4.24,4.16,11220045.0,47135912.0
2011-11-16,4.23,4.11,4.24,4.11,9219569.0,38425776.0
2011-11-17,4.11,4.2,4.23,4.1,8764562.0,36515468.0
2011-11-18,4.16,4.1,4.17,4.05,7390082.0,30294480.0
2011-11-21,4.07,4.18,4.18,4.04,6991573.0,28764940.0
2011-11-22,4.14,4.34,4.45,4.13,36273800.0,157311712.0
2011-11-23,4.32,4.32,4.36,4.26,13632485.0,58783260.0
2011-11-24,4.26,4.34,4.35,4.2,12382107.0,53039104.0
2011-11-25,4.34,4.34,4.48,4.32,17999089.0,79267184.0
2011-11-28,4.36,4.25,4.4,4.21,12186560.0,52606228.0
2011-11-29,4.3,4.46,4.46,4.23,17053608.0,74289960.0
2011-11-30,4.42,4.12,4.42,4.01,20186337.0,85839176.0
2011-12-01,4.26,4.13,4.31,4.11,19631289.0,82851496.0
2011-12-02,4.07,3.94,4.11,3.91,13917712.0,55133040.0
2011-12-05,3.92,3.78,3.94,3.73,8715715.0,33461622.0
2011-12-06,3.78,3.83,3.85,3.75,4984740.0,18915630.0
2011-12-07,3.83,3.81,3.86,3.76,4013879.0,15326886.0
2011-12-08,3.8,3.79,3.85,3.7,4941756.0,18681092.0
2011-12-09,3.73,3.75,3.8,3.73,3473020.0,13051634.0
2011-12-12,3.75,3.79,3.87,3.75,7142863.0,27325930.0
2011-12-13,3.77,3.57,3.79,3.56,6909951.0,25171796.0
2011-12-14,3.58,3.43,3.61,3.42,4313326.0,15156950.0
2011-12-15,3.42,3.26,3.42,3.25,6422137.0,21438390.0
2011-12-16,3.27,3.38,3.4,3.24,4775498.0,15810226.0
2011-12-19,3.35,3.37,3.37,3.27,4782463.0,15863767.0
2011-12-20,3.37,3.37,3.45,3.34,5079944.0,17279598.0
2011-12-21,3.41,3.34,3.45,3.33,4977743.0,16920732.0
2011-12-22,3.32,3.3,3.37,3.18,4144366.0,13490834.0
2011-12-23,3.27,3.38,3.38,3.24,3419712.0,11416269.0
2011-12-26,3.34,3.33,3.41,3.31,3033275.0,10215041.0
2011-12-27,3.33,3.24,3.33,3.2,2784183.0,9059045.0
2011-12-28,3.24,3.25,3.34,3.15,3077977.0,9907301.0
2011-12-29,3.24,3.24,3.27,3.22,1825411.0,5924899.0
2011-12-30,3.26,3.34,3.37,3.24,3992722.0,13206005.0
2012-01-04,3.38,3.21,3.39,3.21,2966935.0,9775856.0
2012-01-05,3.21,3.03,3.21,3.02,5362408.0,16554234.0
2012-01-06,3.01,3.05,3.08,2.97,3268842.0,9872489.0
2012-01-09,3.05,3.18,3.18,3.03,5127781.0,16065117.0
2012-01-10,3.18,3.33,3.34,3.18,7450564.0,24394232.0
2012-01-11,3.31,3.33,3.36,3.27,6298644.0,20896020.0
2012-01-12,3.31,3.31,3.37,3.18,5032138.0,16683226.0
2012-01-13,3.31,3.21,3.31,3.17,5486870.0,17763198.0
2012-01-16,3.19,3.08,3.21,3.08,3269910.0,10263129.0
2012-01-17,3.06,3.27,3.27,3.06,5580647.0,17777530.0
2012-01-18,3.24,3.21,3.31,3.13,6539746.0,21265668.0
2012-01-19,3.21,3.27,3.28,3.19,3706717.0,12050619.0
2012-01-20,3.27,3.3,3.32,3.26,3869438.0,12752632.0
2012-01-30,3.31,3.29,3.32,3.25,4057705.0,13374164.0
2012-01-31,3.27,3.27,3.29,3.21,2729096.0,8853813.0
2012-02-01,3.27,3.24,3.3,3.23,2526653.0,8252842.0
2012-02-02,3.24,3.31,3.31,3.24,5518302.0,18102484.0
2012-02-03,3.31,3.37,3.4,3.27,7610378.0,25519130.0
2012-02-06,3.39,3.38,3.41,3.35,6059315.0,20439720.0
2012-02-07,3.36,3.29,3.37,3.27,5098640.0,16889000.0
2012-02-08,3.27,3.38,3.38,3.27,6191507.0,20717668.0
2012-02-09,3.42,3.43,3.46,3.39,8729615.0,29913758.0
2012-02-10,3.41,3.46,3.56,3.41,11700983.0,40925240.0
2012-02-13,3.43,3.5,3.53,3.4,7386041.0,25731524.0
2012-02-14,3.5,3.56,3.63,3.43,12558734.0,44691704.0
2012-02-15,3.56,3.62,3.62,3.51,9910654.0,35442744.0
2012-02-16,3.61,3.59,3.64,3.53,9872292.0,35423240.0
2012-02-17,3.59,3.61,3.62,3.52,8393780.0,30060698.0
2012-02-20,3.63,3.56,3.66,3.54,9024741.0,32496058.0
2012-02-21,3.56,3.56,3.58,3.46,9224681.0,32520680.0
2012-02-22,3.55,3.63,3.63,3.53,11442266.0,41057376.0
2012-02-23,3.63,3.63,3.66,3.59,10867805.0,39477228.0
2012-02-24,3.63,3.69,3.72,3.62,12658066.0,46341892.0
2012-02-27,3.69,3.68,3.78,3.66,13086537.0,48662520.0
2012-02-28,3.66,3.62,3.67,3.56,10479202.0,37824400.0
2012-02-29,3.6,3.56,3.63,3.56,5241796.0,18797902.0
2012-03-01,3.56,3.59,3.62,3.55,4471196.0,16064012.0
2012-03-02,3.58,3.66,3.68,3.58,6875369.0,24962456.0
2012-03-05,3.66,3.66,3.7,3.65,8342610.0,30608112.0
2012-03-06,3.65,3.59,3.66,3.56,7163454.0,25740442.0
2012-03-07,3.54,3.63,3.72,3.53,10361182.0,37674300.0
2012-03-08,3.64,3.75,3.76,3.59,17071349.0,63553212.0
2012-03-09,3.75,3.75,3.76,3.69,10484941.0,39176468.0
2012-03-12,3.73,3.85,3.87,3.73,19799487.0,75828496.0
2012-03-13,3.82,3.84,3.85,3.79,7853173.0,30023024.0
2012-03-14,3.85,3.63,3.87,3.59,14962147.0,56035060.0
2012-03-15,3.62,3.55,3.64,3.49,8214251.0,29151932.0
2012-03-16,3.56,3.69,3.69,3.54,7512087.0,27281028.0
2012-03-19,3.66,3.77,3.79,3.66,8308589.0,30923294.0
2012-03-20,3.73,3.75,3.85,3.73,15298718.0,58071284.0
2012-03-21,3.76,3.85,3.86,3.62,12025912.0,45102152.0
2012-03-22,3.81,3.79,3.89,3.78,9581988.0,36668988.0
2012-03-23,3.76,3.91,3.91,3.72,19785674.0,75988128.0
2012-03-26,3.87,3.83,4.02,3.79,24117061.0,94066824.0
2012-03-27,3.85,3.73,3.87,3.71,13063568.0,49201312.0
2012-03-28,3.69,3.52,3.72,3.5,10520644.0,37766488.0
2012-03-29,3.48,3.42,3.5,3.37,6662228.0,22964840.0
2012-03-30,3.43,3.49,3.62,3.4,8966511.0,31395904.0
2012-04-05,3.39,3.56,3.56,3.32,14050362.0,48492868.0
2012-04-06,3.53,3.53,3.58,3.47,7665047.0,27038092.0
2012-04-09,3.5,3.45,3.5,3.44,5860940.0,20343860.0
2012-04-10,3.43,3.66,3.7,3.4,14823900.0,52631740.0
2012-04-11,3.55,3.69,3.72,3.55,12828972.0,46672000.0
2012-04-12,3.69,3.8,3.96,3.62,19842393.0,74896216.0
2012-04-13,3.76,3.76,3.85,3.73,13604753.0,51475312.0
2012-04-16,3.73,3.85,3.89,3.72,15943825.0,61368316.0
2012-04-17,3.82,3.79,3.86,3.77,9611898.0,36619660.0
2012-04-18,3.79,3.95,3.98,3.75,14376860.0,55882380.0
2012-04-19,3.96,3.91,4.01,3.85,11187580.0,43832104.0
2012-04-20,3.88,4.04,4.08,3.86,25191817.0,101392736.0
2012-04-23,4.23,4.23,4.45,4.11,51227793.0,220383984.0
2012-04-24,4.11,4.22,4.23,3.82,38546422.0,155696224.0
2012-04-25,4.14,4.3,4.43,4.09,32908422.0,141973392.0
2012-04-26,4.3,4.16,4.41,4.16,16021631.0,68072504.0
2012-04-27,4.11,4.11,4.21,4.01,10487031.0,42995224.0
2012-05-02,4.22,4.1,4.25,4.06,10811228.0,44651356.0
2012-05-03,4.07,4.13,4.18,4.0,9419272.0,38480016.0
2012-05-04,4.09,4.08,4.14,4.03,5357463.0,21878422.0
2012-05-07,4.08,4.2,4.23,4.04,10015191.0,41645568.0
2012-05-08,4.19,4.2,4.25,4.14,7123484.0,29883388.0
2012-05-09,4.17,4.26,4.36,4.17,18089263.0,77452320.0
2012-05-10,4.26,4.29,4.35,4.19,14339894.0,61330960.0
2012-05-11,4.23,4.42,4.63,4.23,32647201.0,144917808.0
2012-05-14,4.45,4.45,4.62,4.37,25560750.0,114730184.0
2012-05-15,4.39,4.56,4.61,4.39,24700288.0,111084464.0
2012-05-16,4.54,4.69,4.83,4.47,31343543.0,145474112.0
2012-05-17,4.69,4.72,4.83,4.56,34121872.0,159452016.0
2012-05-18,4.72,4.72,4.72,4.72,0.0,0.0
2012-05-21,4.72,4.72,4.72,4.72,0.0,0.0
2012-05-22,4.72,4.72,4.72,4.72,0.0,0.0
2012-05-23,4.72,4.72,4.72,4.72,0.0,0.0
2012-05-24,4.72,4.72,4.72,4.72,0.0,0.0
2012-05-25,5.19,5.19,5.19,5.19,16724336.0,86868096.0
2012-05-28,5.32,5.52,5.71,5.1,98541616.0,537710208.0
2012-05-29,5.37,5.38,5.46,5.25,49746081.0,266582064.0
2012-05-30,5.33,5.41,5.6,5.29,51103471.0,278692224.0
2012-05-31,5.34,5.22,5.38,5.13,40054917.0,209327360.0
2012-06-01,5.24,5.13,5.36,5.13,27007946.0,141555280.0
2012-06-04,4.99,4.83,5.06,4.8,27590566.0,135709264.0
2012-06-05,4.84,4.87,4.94,4.8,15697598.0,76448352.0
2012-06-06,4.89,4.87,4.93,4.75,15390918.0,74499632.0
2012-06-07,4.93,4.83,4.94,4.78,13501880.0,65444528.0
2012-06-08,4.82,4.57,4.85,4.56,14935783.0,70108512.0
2012-06-11,4.57,4.61,4.64,4.48,12376116.0,56420992.0
2012-06-12,4.6,4.46,4.6,4.45,10973630.0,49433232.0
2012-06-13,4.46,4.6,4.61,4.44,14083551.0,63767276.0
2012-06-14,4.56,4.69,4.83,4.54,23750211.0,111868504.0
2012-06-15,4.71,4.77,4.79,4.59,15369860.0,72183784.0
2012-06-18,4.76,4.76,4.81,4.7,11588414.0,55129296.0
2012-06-19,5.01,5.23,5.23,4.98,22059608.0,113493376.0
2012-06-20,5.47,5.27,5.73,5.2,86976192.0,475520576.0
2012-06-21,5.15,4.93,5.22,4.89,36640445.0,183716736.0
2012-06-25,4.88,4.79,5.01,4.77,20454601.0,99734792.0
2012-06-26,4.66,4.68,4.74,4.59,17590991.0,81827400.0
2012-06-27,4.69,4.5,4.74,4.47,20364044.0,93831400.0
2012-06-28,4.49,4.36,4.54,4.34,15444756.0,68584416.0
2012-06-29,4.3,4.34,4.36,4.12,15422967.0,65606452.0
2012-07-02,4.36,4.44,4.46,4.31,12474417.0,54912600.0
2012-07-03,4.43,4.36,4.46,4.3,11781181.0,51762968.0
2012-07-04,4.35,4.62,4.66,4.32,21947364.0,98303488.0
2012-07-05,4.56,4.57,4.62,4.48,12976924.0,58914572.0
2012-07-06,4.57,4.57,4.57,4.57,0.0,0.0
2012-07-09,4.57,4.4,4.81,4.4,19784583.0,91623896.0
2012-07-10,4.31,4.2,4.36,4.14,12081403.0,51213864.0
2012-07-11,4.15,4.2,4.24,4.12,8382312.0,35023296.0
2012-07-12,4.18,4.21,4.31,4.06,12424729.0,52040324.0
2012-07-13,4.22,4.18,4.27,4.14,8316217.0,35013136.0
2012-07-16,4.17,3.89,4.22,3.87,12046897.0,48375032.0
2012-07-17,3.86,3.96,3.98,3.84,6710022.0,26306598.0
2012-07-18,3.94,4.07,4.1,3.83,13944167.0,55440336.0
2012-07-19,4.03,4.09,4.14,4.0,11173961.0,45601948.0
2012-07-20,4.07,4.02,4.1,3.98,8244841.0,33347042.0
2012-07-23,3.97,3.92,3.97,3.88,5217207.0,20458716.0
2012-07-24,3.88,3.96,4.0,3.87,5558285.0,21904964.0
2012-07-25,3.94,3.92,3.97,3.9,3986488.0,15691747.0
2012-07-26,3.91,3.88,3.95,3.88,4303350.0,16847340.0
2012-07-27,3.9,3.96,4.02,3.88,8297488.0,32987372.0
2012-07-30,4.0,4.0,4.18,3.95,11941772.0,48457192.0
2012-07-31,3.98,3.78,3.98,3.76,9808932.0,37498760.0
2012-08-01,3.77,3.85,3.9,3.73,7116408.0,27249970.0
2012-08-02,3.82,3.8,3.87,3.77,5234944.0,19951042.0
2012-08-03,3.82,3.9,3.93,3.8,6829123.0,26493862.0
2012-08-06,3.86,4.02,4.04,3.85,9362395.0,37216608.0
2012-08-07,4.01,4.09,4.11,3.99,11559466.0,47110144.0
2012-08-08,4.1,4.2,4.36,4.09,17591520.0,74254328.0
2012-08-09,4.15,4.21,4.25,4.09,11026928.0,45903848.0
2012-08-10,4.19,4.2,4.28,4.17,8117559.0,34209260.0
2012-08-13,4.19,4.04,4.19,4.03,8976151.0,36842900.0
2012-08-14,4.0,4.3,4.4,4.0,18972736.0,80219360.0
2012-08-15,4.25,4.17,4.28,4.16,9688349.0,40720172.0
2012-08-16,4.14,4.1,4.18,4.06,7152949.0,29322646.0
2012-08-17,4.06,4.11,4.14,4.06,4261755.0,17466940.0
2012-08-20,4.11,4.11,4.12,3.98,5802538.0,23531332.0
2012-08-21,4.12,4.17,4.2,4.07,7000548.0,29047680.0
2012-08-22,4.18,4.1,4.18,4.07,5621077.0,23224958.0
2012-08-23,4.09,4.14,4.16,4.07,5647975.0,23278280.0
2012-08-24,4.14,4.08,4.21,4.08,6093460.0,25264716.0
2012-08-27,4.01,3.9,4.07,3.89,6807518.0,27078622.0
2012-08-28,3.9,3.92,3.98,3.89,4001569.0,15726520.0
2012-08-29,3.9,3.84,3.93,3.83,5314976.0,20623586.0
2012-08-30,3.85,3.84,3.92,3.76,5208453.0,20036024.0
2012-08-31,3.81,3.85,3.88,3.78,3185220.0,12218405.0
2012-09-03,3.85,3.9,3.93,3.83,4320916.0,16817040.0
2012-09-04,3.9,3.93,4.0,3.88,6807268.0,26798236.0
2012-09-05,3.89,3.92,3.95,3.89,4195545.0,16431969.0
2012-09-06,3.93,3.95,3.96,3.9,4810019.0,18901854.0
2012-09-07,3.97,4.07,4.15,3.96,14665754.0,59557496.0
2012-09-10,4.08,4.1,4.14,4.05,10770100.0,44173152.0
2012-09-11,4.07,4.13,4.15,4.06,10498491.0,43197544.0
2012-09-12,4.16,4.19,4.27,4.13,12051923.0,50496184.0
2012-09-13,4.2,4.08,4.2,4.07,7822204.0,32320574.0
2012-09-14,4.16,4.12,4.19,4.09,7276180.0,30050828.0
2012-09-17,4.11,3.97,4.16,3.96,8715303.0,35295148.0
2012-09-18,3.92,3.91,3.95,3.87,4985223.0,19519248.0
2012-09-19,3.9,4.05,4.09,3.9,5994259.0,23890208.0
2012-09-20,4.05,4.4,4.46,3.98,64197593.0,280952032.0
2012-09-21,4.18,4.26,4.46,4.08,38968631.0,167927248.0
2012-09-24,4.19,4.45,4.65,4.16,37384057.0,166324976.0
2012-09-25,4.46,4.37,4.69,4.34,31156282.0,140311440.0
2012-09-26,4.29,4.16,4.35,4.13,18671169.0,78583880.0
2012-09-27,4.15,4.28,4.36,4.1,16735929.0,70884896.0
2012-09-28,4.28,4.46,4.57,4.23,27487689.0,122879632.0
2012-10-08,4.45,4.39,4.45,4.3,14401688.0,62714464.0
2012-10-09,4.37,4.51,4.59,4.34,20041956.0,89792336.0
2012-10-10,4.48,4.54,4.58,4.43,17439753.0,78258736.0
2012-10-11,4.49,4.4,4.59,4.4,19733532.0,88749936.0
2012-10-12,4.37,4.4,4.48,4.29,12154493.0,53181092.0
2012-10-15,4.36,4.28,4.4,4.23,9217471.0,39664648.0
2012-10-16,4.24,4.26,4.32,4.24,5872550.0,25150224.0
2012-10-17,4.28,4.28,4.31,4.2,6987186.0,29723856.0
2012-10-18,4.29,4.35,4.38,4.26,9147798.0,39624868.0
2012-10-19,4.36,4.34,4.41,4.32,6563897.0,28664880.0
2012-10-22,4.34,4.34,4.34,4.34,0.0,0.0
2012-10-23,4.34,4.34,4.34,4.34,0.0,0.0
2012-10-24,4.34,4.34,4.34,4.34,0.0,0.0
2012-10-25,4.34,4.34,4.34,4.34,0.0,0.0
2012-10-26,4.34,4.34,4.34,4.34,0.0,0.0
2012-10-29,4.37,4.22,4.61,4.18,21131311.0,93380528.0
2012-10-30,4.14,4.05,4.17,4.02,14085394.0,57424340.0
2012-10-31,4.03,4.13,4.19,4.03,7887505.0,32616170.0
2012-11-01,4.13,4.17,4.21,4.11,7843611.0,32700068.0
2012-11-02,4.16,4.16,4.17,4.09,6156242.0,25456664.0
2012-11-05,4.14,4.22,4.3,4.13,7489866.0,31538090.0
2012-11-06,4.22,4.15,4.23,4.09,4878845.0,20214918.0
2012-11-07,4.14,4.17,4.23,4.11,4453449.0,18586490.0
2012-11-08,4.13,4.01,4.14,4.0,5881285.0,23991738.0
2012-11-09,4.02,4.04,4.06,3.98,3415457.0,13732067.0
2012-11-12,4.04,4.06,4.09,4.02,3498740.0,14196818.0
2012-11-13,4.06,3.94,4.06,3.93,4169501.0,16580498.0
2012-11-14,3.94,3.93,3.96,3.87,4720523.0,18442800.0
2012-11-15,3.92,3.78,3.93,3.77,4627381.0,17832638.0
2012-11-16,3.76,3.8,3.82,3.73,3673094.0,13886225.0
2012-11-19,3.77,3.82,3.84,3.77,3022400.0,11512217.0
2012-11-20,3.85,3.79,3.9,3.78,3079210.0,11810818.0
2012-11-21,3.79,3.84,3.84,3.73,3695484.0,14006356.0
2012-11-22,3.82,3.8,3.87,3.78,3709560.0,14202907.0
2012-11-23,3.8,3.75,3.85,3.73,5986526.0,22686784.0
2012-11-26,3.76,3.7,3.78,3.69,3091941.0,11526788.0
2012-11-27,3.69,3.45,3.71,3.43,7498419.0,26415276.0
2012-11-28,3.41,3.41,3.43,3.33,5656818.0,19157154.0
2012-11-29,3.4,3.43,3.57,3.4,5717000.0,19850456.0
2012-11-30,3.38,3.5,3.52,3.38,4179565.0,14487592.0
2012-12-03,3.48,3.37,3.49,3.37,3157057.0,10850079.0
2012-12-04,3.33,3.43,3.44,3.32,3805645.0,12850222.0
2012-12-05,3.41,3.57,3.58,3.39,6691880.0,23631378.0
2012-12-06,3.56,3.53,3.56,3.47,5247587.0,18458016.0
2012-12-07,3.52,3.61,3.63,3.51,6983057.0,25002400.0
2012-12-10,3.59,3.68,3.73,3.58,8597705.0,31440894.0
2012-12-11,3.67,3.61,3.68,3.61,5216871.0,18982912.0
2012-12-12,3.61,3.65,3.65,3.55,5709525.0,20644996.0
2012-12-13,3.63,3.54,3.64,3.53,4691424.0,16808944.0
2012-12-14,3.54,3.67,3.71,3.53,9862164.0,36043332.0
2012-12-17,3.69,3.71,3.76,3.66,7230556.0,26811664.0
2012-12-18,3.69,3.74,3.84,3.67,10391021.0,39218764.0
2012-12-19,3.73,3.71,3.77,3.69,6652683.0,24782248.0
2012-12-20,3.68,3.69,3.71,3.63,6093149.0,22407046.0
2012-12-21,3.69,3.67,3.74,3.66,6234752.0,23050992.0
2012-12-24,3.67,3.67,3.67,3.67,0.0,0.0
2012-12-25,3.86,3.78,3.94,3.76,21243267.0,81569672.0
2012-12-26,3.77,3.93,4.0,3.76,17625339.0,68248208.0
2012-12-27,3.89,3.83,3.93,3.82,10139568.0,39227668.0
2012-12-28,3.82,3.86,3.88,3.81,5942190.0,22858452.0
2012-12-31,3.87,3.86,3.9,3.83,6684073.0,25856456.0
2013-01-04,3.88,3.81,3.9,3.78,6355578.0,24293854.0
2013-01-07,3.79,3.88,3.89,3.79,7646601.0,29479660.0
2013-01-08,3.88,3.9,3.93,3.83,7521845.0,29276822.0
2013-01-09,3.89,3.89,3.96,3.86,8458152.0,33089514.0
2013-01-10,3.9,4.01,4.05,3.86,17083348.0,67836488.0
2013-01-11,4.01,3.85,4.01,3.81,10578457.0,41448416.0
2013-01-14,3.84,3.94,3.95,3.8,8803631.0,34260216.0
2013-01-15,3.93,4.0,4.02,3.92,11683034.0,46487708.0
2013-01-16,4.0,4.13,4.23,3.93,19185582.0,77998304.0
2013-01-17,4.09,4.04,4.19,4.02,13906446.0,57082764.0
2013-01-18,4.02,4.21,4.29,4.0,20076006.0,83693184.0
2013-01-21,4.24,4.31,4.43,4.22,21423311.0,92666992.0
2013-01-22,4.29,4.28,4.36,4.21,12242819.0,52445336.0
2013-01-23,4.28,4.47,4.51,4.26,18342590.0,80756072.0
2013-01-24,4.51,4.43,4.51,4.34,16789683.0,74093168.0
2013-01-25,4.38,4.26,4.42,4.24,10758466.0,46302100.0
2013-01-28,4.25,4.3,4.34,4.25,6854224.0,29461170.0
2013-01-29,4.32,4.42,4.46,4.3,10497415.0,46084632.0
2013-01-30,4.44,4.41,4.47,4.36,11467692.0,50572596.0
2013-01-31,4.4,4.29,4.41,4.28,9365190.0,40306396.0
2013-02-01,4.26,4.2,4.28,4.19,8617841.0,36471328.0
2013-02-04,4.19,4.26,4.33,4.19,8287520.0,35214420.0
2013-02-05,4.21,4.24,4.27,4.2,4358924.0,18466424.0
2013-02-06,4.24,4.29,4.34,4.23,5716154.0,24512420.0
2013-02-07,4.28,4.31,4.33,4.25,4062781.0,17421666.0
2013-02-08,4.32,4.37,4.38,4.3,4627920.0,20093554.0
2013-02-18,4.37,4.37,4.43,4.33,5174665.0,22658290.0
2013-02-19,4.34,4.19,4.37,4.18,8237218.0,34975140.0
2013-02-20,4.19,4.21,4.25,4.16,8729593.0,36626612.0
2013-02-21,4.21,4.17,4.29,4.14,9021376.0,38104672.0
2013-02-22,4.18,4.11,4.21,4.07,7675978.0,31610728.0
2013-02-25,4.06,4.31,4.44,4.06,12820463.0,54949504.0
2013-02-26,4.29,4.31,4.46,4.25,11661366.0,50900500.0
2013-02-27,4.29,4.35,4.43,4.29,8699018.0,38016252.0
2013-02-28,4.31,4.38,4.4,4.28,9582364.0,41686440.0
2013-03-01,4.35,4.44,4.45,4.35,9554697.0,41959564.0
2013-03-04,4.43,4.32,4.46,4.24,9392647.0,40847420.0
2013-03-05,4.32,4.49,4.51,4.27,12256506.0,54303340.0
2013-03-06,4.49,4.47,4.53,4.44,9133680.0,40907320.0
2013-03-07,4.45,4.42,4.54,4.39,8393872.0,37431896.0
2013-03-08,4.41,4.42,4.44,4.33,5532329.0,24243460.0
2013-03-11,4.39,4.51,4.59,4.36,14138673.0,63742796.0
2013-03-12,4.49,4.59,4.64,4.38,16426995.0,74118976.0
2013-03-13,4.54,4.7,4.78,4.49,21519683.0,100004456.0
2013-03-14,4.65,4.62,4.84,4.59,14489577.0,68133264.0
2013-03-15,4.56,4.54,4.68,4.51,10583032.0,48471016.0
2013-03-18,4.53,4.71,4.73,4.48,13335763.0,61933904.0
2013-03-19,4.67,4.88,4.89,4.66,17125363.0,82434968.0
2013-03-20,4.83,4.9,5.08,4.83,23374181.0,115454928.0
2013-03-21,4.89,5.08,5.11,4.76,17652360.0,87353208.0
2013-03-22,5.02,5.02,5.11,4.99,10645457.0,53578904.0
2013-03-25,4.9,5.02,5.08,4.89,10259112.0,51037284.0
2013-03-26,5.01,5.29,5.36,4.94,29049930.0,150280128.0
2013-03-27,5.25,5.49,5.63,5.23,33806391.0,184960960.0
2013-03-28,5.44,5.37,5.62,5.34,21651378.0,118430192.0
2013-03-29,5.37,5.54,5.57,5.31,15665206.0,85279776.0
2013-04-01,5.54,5.84,5.85,5.54,22506106.0,129580448.0
2013-04-02,5.87,5.25,5.89,5.25,30000345.0,165264288.0
2013-04-03,5.16,4.88,5.33,4.77,25642712.0,130043992.0
2013-04-08,4.86,5.19,5.19,4.76,15797527.0,78599680.0
2013-04-09,5.14,5.1,5.34,5.06,14135195.0,72891128.0
2013-04-10,5.15,4.85,5.15,4.68,22233655.0,107721672.0
2013-04-11,4.82,5.03,5.17,4.74,15724326.0,78387984.0
2013-04-12,5.0,5.3,5.32,4.93,21418403.0,110338576.0
2013-04-15,5.18,5.01,5.2,4.98,16378166.0,83013568.0
2013-04-16,4.86,4.99,5.02,4.81,6689605.0,32925794.0
2013-04-17,4.99,4.88,5.04,4.77,8673390.0,42438428.0
2013-04-18,4.83,5.05,5.06,4.83,8362274.0,41600496.0
2013-04-19,5.03,5.08,5.11,4.98,9560550.0,48393096.0
2013-04-22,4.98,4.99,5.05,4.93,9285384.0,46182344.0
2013-04-23,4.94,4.93,5.1,4.92,7987189.0,39904536.0
2013-04-24,4.93,5.0,5.03,4.84,6683914.0,32964074.0
2013-04-25,4.98,4.9,4.98,4.83,7283160.0,35528600.0
2013-04-26,4.9,4.55,4.92,4.48,13365041.0,62348408.0
2013-05-02,4.6,4.62,4.66,4.58,2616507.0,12064673.0
2013-05-03,4.63,4.66,4.71,4.59,4393426.0,20443628.0
2013-05-06,4.66,4.68,4.72,4.65,5373575.0,25143982.0
2013-05-07,4.7,4.77,4.77,4.58,6356405.0,29787418.0
2013-05-08,4.73,4.73,4.81,4.71,5063149.0,24052254.0
2013-05-09,4.74,4.75,4.79,4.65,5618680.0,26511848.0
2013-05-10,4.75,4.95,4.95,4.74,10653570.0,51761208.0
2013-05-13,4.95,5.04,5.05,4.91,7483424.0,37287372.0
2013-05-14,5.13,5.03,5.13,4.93,6730616.0,33798372.0
2013-05-15,5.03,4.97,5.03,4.92,5852835.0,29057022.0
2013-05-16,5.03,4.85,5.03,4.8,16572122.0,81035792.0
2013-05-17,4.79,4.78,4.86,4.62,22506232.0,106275152.0
2013-05-20,4.76,4.82,4.83,4.74,12748627.0,61036884.0
2013-05-21,4.83,4.76,4.84,4.71,13246555.0,63002908.0
2013-05-22,4.77,5.08,5.12,4.72,32662925.0,161601840.0
2013-05-23,5.02,4.99,5.07,4.94,18797043.0,93958200.0
2013-05-24,4.98,5.07,5.07,4.94,12108614.0,60704912.0
2013-05-27,5.1,5.07,5.17,5.04,13292198.0,67595208.0
2013-05-28,5.06,5.15,5.18,4.96,18492795.0,94234848.0
2013-05-29,5.15,5.13,5.2,5.1,10259481.0,52718376.0
2013-05-30,5.12,5.17,5.22,5.0,16928262.0,86503904.0
2013-05-31,5.14,5.06,5.16,5.05,11294283.0,57599796.0
2013-06-03,5.04,5.01,5.1,4.99,6815710.0,34306720.0
2013-06-04,5.01,4.95,5.02,4.82,10950225.0,53716036.0
2013-06-05,4.93,4.98,4.99,4.9,4953859.0,24523222.0
2013-06-06,4.96,4.84,4.98,4.81,6509375.0,31771226.0
2013-06-07,4.81,4.73,4.91,4.7,4742845.0,22638334.0
2013-06-13,4.63,4.68,4.83,4.57,6489695.0,30390852.0
2013-06-14,4.68,4.77,4.78,4.66,3700955.0,17545292.0
2013-06-17,4.77,4.68,4.79,4.67,4083659.0,19284666.0
2013-06-18,4.69,4.62,4.72,4.58,5600111.0,25881672.0
2013-06-19,4.6,4.51,4.61,4.45,5156767.0,23206178.0
2013-06-20,4.49,4.35,4.51,4.33,4985379.0,22096764.0
2013-06-21,4.27,4.24,4.35,4.2,5906605.0,25155202.0
2013-06-24,4.23,4.17,4.26,3.87,7463323.0,30351944.0
2013-06-25,4.08,4.08,4.16,3.75,9232662.0,36523676.0
2013-06-26,4.06,4.08,4.1,3.96,4809676.0,19341292.0
2013-06-27,4.1,4.0,4.12,3.94,6210962.0,25058168.0
2013-06-28,4.0,4.05,4.05,3.9,5168118.0,20647556.0
2013-07-01,4.08,4.19,4.19,4.0,7142641.0,29196946.0
2013-07-02,4.18,4.32,4.34,4.1,9238732.0,38734612.0
2013-07-03,4.29,4.5,4.5,4.24,13795811.0,60398892.0
2013-07-04,4.49,4.53,4.53,4.38,12140997.0,54116700.0
2013-07-05,4.47,4.48,4.5,4.41,7070908.0,31462838.0
2013-07-08,4.4,4.39,4.46,4.29,7034268.0,30770126.0
2013-07-09,4.34,4.27,4.39,4.26,4750760.0,20460712.0
2013-07-10,4.23,4.3,4.31,4.18,8623080.0,36703992.0
2013-07-11,4.3,4.41,4.46,4.27,8757524.0,38270788.0
2013-07-12,4.38,4.31,4.44,4.24,8818277.0,38395780.0
2013-07-15,4.31,4.29,4.35,4.24,8915097.0,38242548.0
2013-07-16,4.27,4.26,4.3,4.18,11222887.0,47559444.0
2013-07-17,4.24,4.37,4.38,4.2,14106203.0,60793016.0
2013-07-18,4.31,4.38,4.44,4.3,13206399.0,57764584.0
2013-07-19,4.37,4.2,4.38,4.15,8826100.0,37638632.0
2013-07-22,4.12,4.1,4.14,3.97,10760184.0,43648796.0
2013-07-23,4.08,4.18,4.23,4.08,7790867.0,32440206.0
2013-07-24,4.17,4.09,4.19,4.05,6371134.0,26196218.0
2013-07-25,4.07,4.04,4.14,4.03,5283282.0,21581402.0
2013-07-26,4.04,4.04,4.1,3.99,4865088.0,19636442.0
2013-07-29,4.01,4.07,4.07,3.95,4853508.0,19416430.0
2013-07-30,4.04,4.15,4.17,3.96,10125697.0,41531776.0
2013-07-31,4.14,4.12,4.22,4.12,7200829.0,30026400.0
2013-08-01,4.13,4.17,4.19,4.11,6264469.0,26077214.0
2013-08-02,4.18,4.18,4.25,4.16,6870109.0,28851200.0
2013-08-05,4.19,4.28,4.29,4.14,8657252.0,36463476.0
2013-08-06,4.27,4.37,4.38,4.23,14192773.0,61070152.0
2013-08-07,4.37,4.46,4.5,4.32,20473606.0,90236632.0
2013-08-08,4.45,4.38,4.47,4.38,12768659.0,56450976.0
2013-08-09,4.4,4.28,4.44,4.19,21181628.0,90389648.0
2013-08-12,4.25,4.32,4.33,4.22,12557883.0,53865752.0
2013-08-13,4.3,4.37,4.39,4.3,11260380.0,48848136.0
2013-08-14,4.35,4.31,4.41,4.29,9695330.0,42228828.0
2013-08-15,4.31,4.5,4.57,4.29,25982004.0,115724200.0
2013-08-16,4.48,4.68,4.77,4.46,28290500.0,130215952.0
2013-08-19,4.65,4.92,5.1,4.61,38688888.0,190554624.0
2013-08-20,4.88,5.03,5.03,4.85,21804320.0,107477136.0
2013-08-21,4.98,5.09,5.18,4.97,18946300.0,96344712.0
2013-08-22,5.05,5.03,5.13,4.95,15416316.0,77588832.0
2013-08-23,5.02,5.0,5.05,4.9,19096180.0,94686104.0
2013-08-26,5.0,5.05,5.07,4.93,10838958.0,54420272.0
2013-08-27,5.06,5.38,5.46,5.03,23848546.0,126125192.0
2013-08-28,5.3,5.27,5.44,5.24,15684354.0,83578016.0
2013-08-29,5.2,5.31,5.39,5.2,9706976.0,51389512.0
2013-08-30,5.25,5.2,5.5,5.16,15551001.0,83157736.0
2013-09-02,5.15,5.32,5.39,5.13,12592937.0,66275824.0
2013-09-03,5.25,5.3,5.34,5.2,9113989.0,48031224.0
2013-09-04,5.28,5.24,5.31,5.16,7217588.0,37825728.0
2013-09-05,5.21,5.16,5.23,5.01,14177835.0,72396264.0
2013-09-06,5.15,5.16,5.19,5.07,5832503.0,29868842.0
2013-09-09,5.14,5.1,5.27,5.05,16517372.0,85729872.0
2013-09-10,5.1,5.05,5.14,4.99,8586960.0,43386036.0
2013-09-11,5.0,5.11,5.14,4.86,12976038.0,64669536.0
2013-09-12,5.08,5.1,5.2,5.05,7577392.0,38834504.0
2013-09-13,5.16,5.03,5.16,5.01,6168937.0,31140758.0
2013-09-16,5.02,5.33,5.41,5.01,28404312.0,149828592.0
2013-09-17,5.34,5.28,5.5,5.23,14358221.0,76880544.0
2013-09-18,5.27,5.26,5.38,5.25,7971984.0,42251220.0
2013-09-23,5.28,5.58,5.68,5.27,24193890.0,133243536.0
2013-09-24,5.58,5.62,5.74,5.49,13816815.0,77547864.0
2013-09-25,5.63,5.63,5.67,5.53,8919195.0,49981400.0
2013-09-26,5.67,5.54,5.7,5.54,8804863.0,49331972.0
2013-09-27,5.53,5.56,5.65,5.5,6190340.0,34597852.0
2013-09-30,5.56,5.67,5.67,5.46,9767723.0,54153340.0
2013-10-08,5.68,5.63,5.68,5.55,8289542.0,46484728.0
2013-10-09,5.6,5.5,5.6,5.46,8943362.0,49300224.0
2013-10-10,5.49,5.52,5.6,5.4,7549843.0,41593304.0
2013-10-11,5.54,5.53,5.61,5.51,6195685.0,34342120.0
2013-10-14,5.52,5.51,5.6,5.5,7585264.0,41988628.0
2013-10-15,5.54,5.46,5.54,5.4,6336226.0,34628600.0
2013-10-16,5.46,5.74,5.75,5.41,23155092.0,130764928.0
2013-10-17,5.77,5.79,5.85,5.66,12602769.0,72633872.0
2013-10-18,5.79,6.14,6.23,5.75,21638194.0,129511248.0
2013-10-21,6.02,6.29,6.41,5.99,22306292.0,139692960.0
2013-10-22,6.24,6.28,6.39,6.12,10763689.0,67505808.0
2013-10-23,6.23,6.16,6.36,5.96,13025627.0,79841592.0
2013-10-24,6.14,6.19,6.36,6.03,8084757.0,50244408.0
2013-10-25,6.24,6.17,6.24,5.97,15198804.0,92478056.0
2013-10-28,6.1,6.06,6.18,5.93,9684995.0,58465340.0
2013-10-29,5.88,5.8,6.1,5.45,17736332.0,102259920.0
2013-10-30,5.71,5.82,5.91,5.7,7642949.0,44278876.0
2013-10-31,5.79,6.12,6.16,5.78,13533821.0,81160008.0
2013-11-01,6.14,6.06,6.19,5.91,11300415.0,68136976.0
2013-11-04,6.06,6.17,6.25,6.03,11979732.0,73547864.0
2013-11-05,6.16,6.37,6.45,6.09,14840340.0,93789816.0
2013-11-06,6.35,6.54,6.61,6.24,16298218.0,105783816.0
2013-11-07,6.45,6.47,6.58,6.33,9694171.0,62447444.0
2013-11-08,6.4,6.39,6.45,6.22,8193579.0,52026760.0
2013-11-11,6.38,6.48,6.5,5.77,17836120.0,110775888.0
2013-11-12,6.35,6.35,6.57,6.32,12543625.0,81165424.0
2013-11-13,6.36,6.23,6.42,6.21,7575856.0,47535276.0
2013-11-14,6.23,6.31,6.41,6.1,6811460.0,42896184.0
2013-11-15,6.32,6.33,6.45,6.24,12441238.0,79060168.0
2013-11-18,6.33,6.34,6.41,6.25,9319618.0,58914996.0
2013-11-19,6.4,6.57,6.57,6.32,11115609.0,71824464.0
2013-11-20,6.58,6.71,6.85,6.52,20855604.0,140262032.0
2013-11-21,6.63,6.57,6.7,6.51,9444948.0,62172476.0
2013-11-22,6.52,6.7,6.7,6.41,10083954.0,65698888.0
2013-11-25,6.64,6.44,6.64,6.4,9611244.0,62159116.0
2013-11-26,6.42,6.42,6.48,6.33,5368187.0,34417156.0
2013-11-27,6.43,6.33,6.48,6.25,9129466.0,57885348.0
2013-11-28,6.35,6.32,6.49,6.3,10510457.0,67574440.0
2013-11-29,6.32,6.07,6.35,6.01,30398278.0,185971792.0
2013-12-02,5.91,5.55,6.06,5.52,22294776.0,129326576.0
2013-12-03,5.53,5.79,5.81,5.5,7205883.0,41034936.0
2013-12-04,5.8,5.79,5.94,5.71,8913917.0,52083748.0
2013-12-05,5.8,5.84,5.87,5.72,6959796.0,40399368.0
2013-12-06,5.86,6.02,6.11,5.81,12074915.0,72527048.0
2013-12-09,6.09,6.09,6.16,6.03,9957622.0,60725500.0
2013-12-10,6.09,6.33,6.33,6.08,13353061.0,82792592.0
2013-12-11,6.27,6.21,6.42,6.13,10450962.0,65644560.0
2013-12-12,6.25,6.07,6.27,6.05,8856704.0,54389344.0
2013-12-13,6.04,5.95,6.08,5.85,7624614.0,45158480.0
2013-12-16,5.94,5.91,5.95,5.82,3508063.0,20639818.0
2013-12-17,5.91,5.91,5.96,5.87,2389559.0,14129716.0
2013-12-18,5.91,6.01,6.11,5.88,3916208.0,23515954.0
2013-12-19,6.02,5.89,6.11,5.89,2975010.0,17785752.0
2013-12-20,5.9,5.79,5.95,5.61,4984445.0,28662584.0
2013-12-23,5.79,5.78,5.85,5.58,5483360.0,31148828.0
2013-12-24,5.77,6.12,6.12,5.68,12860712.0,76030016.0
2013-12-25,6.12,6.12,6.12,6.12,0.0,0.0
2013-12-26,6.12,6.12,6.12,6.12,0.0,0.0
2013-12-27,6.12,6.12,6.12,6.12,0.0,0.0
2013-12-30,6.12,6.12,6.12,6.12,0.0,0.0
2013-12-31,6.12,6.12,6.12,6.12,0.0,0.0
2014-01-02,6.12,6.12,6.12,6.12,0.0,0.0
2014-01-03,6.12,6.12,6.12,6.12,0.0,0.0
2014-01-06,6.12,6.12,6.12,6.12,0.0,0.0
2014-01-07,6.12,6.12,6.12,6.12,0.0,0.0
2014-01-08,6.12,6.12,6.12,6.12,0.0,0.0
2014-01-09,6.12,6.12,6.12,6.12,0.0,0.0
2014-01-10,6.12,6.12,6.12,6.12,0.0,0.0
2014-01-13,6.12,6.12,6.12,6.12,0.0,0.0
2014-01-14,6.12,6.12,6.12,6.12,0.0,0.0
2014-01-15,6.12,6.12,6.12,6.12,0.0,0.0
2014-01-16,6.12,6.12,6.12,6.12,0.0,0.0
2014-01-17,6.12,6.12,6.12,6.12,0.0,0.0
2014-01-20,6.12,6.12,6.12,6.12,0.0,0.0
2014-01-21,6.12,6.12,6.12,6.12,0.0,0.0
2014-01-22,6.12,6.12,6.12,6.12,0.0,0.0
2014-01-23,6.12,6.12,6.12,6.12,0.0,0.0
2014-01-24,6.12,6.12,6.12,6.12,0.0,0.0
2014-01-27,6.12,6.12,6.12,6.12,0.0,0.0
2014-01-28,6.12,6.12,6.12,6.12,0.0,0.0
2014-01-29,6.12,6.12,6.12,6.12,0.0,0.0
2014-01-30,6.12,6.12,6.12,6.12,0.0,0.0
2014-02-07,6.12,6.12,6.12,6.12,0.0,0.0
2014-02-10,6.12,6.12,6.12,6.12,0.0,0.0
2014-02-11,6.12,6.12,6.12,6.12,0.0,0.0
2014-02-12,6.12,6.12,6.12,6.12,0.0,0.0
2014-02-13,6.12,6.12,6.12,6.12,0.0,0.0
2014-02-14,6.12,6.12,6.12,6.12,0.0,0.0
2014-02-17,6.12,6.12,6.12,6.12,0.0,0.0
2014-02-18,6.12,6.12,6.12,6.12,0.0,0.0
2014-02-19,6.12,6.12,6.12,6.12,0.0,0.0
2014-02-20,6.12,6.12,6.12,6.12,0.0,0.0
2014-02-21,6.12,6.12,6.12,6.12,0.0,0.0
2014-02-24,6.12,6.12,6.12,6.12,0.0,0.0
2014-02-25,6.12,6.12,6.12,6.12,0.0,0.0
2014-02-26,6.12,6.12,6.12,6.12,0.0,0.0
2014-02-27,6.12,6.12,6.12,6.12,0.0,0.0
2014-02-28,6.12,6.12,6.12,6.12,0.0,0.0
2014-03-03,6.12,6.12,6.12,6.12,0.0,0.0
2014-03-04,6.12,6.12,6.12,6.12,0.0,0.0
2014-03-05,6.12,6.12,6.12,6.12,0.0,0.0
2014-03-06,6.12,6.12,6.12,6.12,0.0,0.0
2014-03-07,6.12,6.12,6.12,6.12,0.0,0.0
2014-03-10,6.73,6.01,6.73,5.88,41280088.0,259943808.0
2014-03-11,5.88,5.41,5.95,5.41,30031528.0,167562752.0
2014-03-12,5.35,5.58,5.66,5.3,19054780.0,105162200.0
2014-03-13,5.58,5.79,6.09,5.55,17812808.0,103182792.0
2014-03-14,5.81,5.92,5.92,5.51,11146608.0,64277672.0
2014-03-17,5.95,6.17,6.25,5.94,18414880.0,112490128.0
2014-03-18,6.18,6.3,6.36,6.12,18259084.0,114076760.0
2014-03-19,6.36,6.37,6.42,6.24,15295606.0,96912256.0
2014-03-20,6.35,6.34,6.52,6.25,14007475.0,89774192.0
2014-03-21,6.36,6.25,6.46,5.99,13238294.0,82601200.0
2014-03-24,6.33,6.36,6.4,6.26,7182022.0,45609940.0
2014-03-25,6.38,6.26,6.45,6.24,6597768.0,41730632.0
2014-03-26,6.25,6.36,6.38,6.18,7619687.0,47875068.0
2014-03-27,6.36,6.34,6.45,6.28,10314550.0,65578016.0
2014-03-28,6.34,6.23,6.38,6.22,7022829.0,44410980.0
2014-03-31,6.24,6.25,6.37,6.03,6205021.0,38411892.0
2014-04-01,6.25,6.3,6.35,6.2,3447808.0,21684088.0
2014-04-02,6.35,6.42,6.42,6.27,8451520.0,53681820.0
2014-04-03,6.42,6.36,6.44,6.31,4158287.0,26522984.0
2014-04-04,6.3,6.36,6.43,6.28,5567173.0,35485272.0
2014-04-08,6.35,6.46,6.46,6.35,8514797.0,54506028.0
2014-04-09,6.47,6.39,6.5,6.26,9845333.0,62853416.0
2014-04-10,6.45,6.77,6.82,6.4,20576544.0,136114016.0
2014-04-11,6.73,6.9,6.9,6.61,16568300.0,112921352.0
2014-04-14,6.9,6.91,7.0,6.81,12544211.0,86853408.0
2014-04-15,6.91,7.0,7.07,6.76,21060296.0,146495264.0
2014-04-16,6.99,6.84,7.25,6.84,26519532.0,187729392.0
2014-04-17,6.77,6.81,6.98,6.68,18563864.0,126276024.0
2014-04-18,6.82,6.9,6.94,6.75,9236526.0,63307880.0
2014-04-21,6.76,6.72,6.95,6.71,12444935.0,85395432.0
2014-04-22,6.71,6.67,6.74,6.43,8312518.0,54952992.0
2014-04-23,6.67,6.69,6.72,6.54,5628327.0,37350888.0
2014-04-24,6.72,6.75,6.88,6.68,7037323.0,47764032.0
2014-04-25,6.7,6.67,6.77,6.54,5569194.0,36997640.0
2014-04-28,6.72,6.3,6.72,6.2,7217334.0,45703960.0
2014-04-29,6.3,6.55,6.55,6.21,8619014.0,54657856.0
2014-04-30,6.53,6.69,6.72,6.42,4308007.0,28448268.0
2014-05-05,6.69,6.72,6.75,6.56,4200574.0,27945506.0
2014-05-06,6.87,6.99,7.15,6.85,22653398.0,158256096.0
2014-05-07,6.96,6.98,7.05,6.89,6922492.0,48301172.0
2014-05-08,6.97,6.97,7.03,6.89,4734514.0,32917690.0
2014-05-09,6.97,6.72,7.0,6.65,6833152.0,46503320.0
2014-05-12,6.72,6.85,6.88,6.65,5594105.0,37873360.0
2014-05-13,6.83,6.95,6.96,6.75,8457737.0,58177548.0
2014-05-14,6.99,6.95,7.02,6.87,6812792.0,47362192.0
2014-05-15,6.92,6.76,6.96,6.66,8307864.0,55932244.0
2014-05-16,6.5,6.7,6.75,6.46,5722885.0,37715316.0
2014-05-19,6.69,6.69,6.73,6.24,5125629.0,33590384.0
2014-05-20,6.65,6.69,6.78,6.55,4594126.0,30551850.0
2014-05-21,6.68,6.75,6.75,6.49,5625699.0,37377960.0
2014-05-22,6.78,6.85,6.95,6.65,6622336.0,45376436.0
2014-05-23,6.81,6.85,6.92,6.75,3515004.0,24006234.0
2014-05-26,6.86,6.69,6.86,6.64,6520334.0,43627004.0
2014-05-27,6.72,6.69,6.85,6.63,3866687.0,25844210.0
2014-05-28,6.7,6.63,6.7,6.63,4450970.0,29605298.0
2014-05-29,6.67,6.85,6.87,6.48,13704590.0,91389672.0
2014-05-30,6.82,6.7,6.82,6.68,4643967.0,31310808.0
2014-06-03,6.68,6.63,6.83,6.63,4617504.0,31059194.0
2014-06-04,6.65,6.65,6.74,6.54,4878115.0,32369324.0
2014-06-05,6.57,6.68,6.7,6.54,4206180.0,27894086.0
2014-06-06,6.73,6.69,6.73,6.6,3171850.0,21103070.0
2014-06-09,6.62,6.67,6.71,6.61,4854380.0,32355288.0
2014-06-10,6.68,6.67,6.69,6.6,3632815.0,24185120.0
2014-06-11,6.64,6.59,6.68,6.56,3938491.0,26043442.0
2014-06-12,6.57,6.49,6.57,6.22,13952536.0,89078000.0
2014-06-13,6.44,6.5,6.56,6.36,5853290.0,37890132.0
2014-06-16,6.49,6.39,6.49,6.33,9851868.0,62937684.0
2014-06-17,6.39,6.35,6.4,6.29,5093312.0,32365642.0
2014-06-18,6.37,6.48,6.58,6.36,10906302.0,71031264.0
2014-06-19,6.54,6.26,6.54,6.04,6511931.0,41301488.0
2014-06-20,6.27,6.29,6.38,6.16,3783644.0,23590110.0
2014-06-23,6.34,6.3,6.38,6.25,3397420.0,21483976.0
2014-06-24,6.3,6.36,6.41,6.25,6259804.0,39656868.0
2014-06-25,6.52,6.47,6.54,6.36,8728357.0,56258460.0
2014-06-26,6.47,6.35,6.47,6.3,11290654.0,71783168.0
2014-06-27,6.29,6.19,6.29,6.06,17001260.0,104351136.0
2014-06-30,6.15,6.2,6.27,6.06,7990728.0,49437788.0
2014-07-01,6.2,6.25,6.3,6.16,8501512.0,52898444.0
2014-07-02,6.27,6.24,6.28,6.09,7886089.0,48856616.0
2014-07-03,6.2,6.15,6.22,6.12,7975524.0,49105812.0
2014-07-04,6.15,6.15,6.15,6.15,0.0,0.0
2014-07-07,6.15,6.15,6.15,6.15,0.0,0.0
2014-07-08,6.15,6.15,6.15,6.15,0.0,0.0
2014-07-09,6.15,6.15,6.15,6.15,0.0,0.0
2014-07-10,6.15,6.15,6.15,6.15,0.0,0.0
2014-07-11,6.15,6.15,6.15,6.15,0.0,0.0
2014-07-14,6.15,6.15,6.15,6.15,0.0,0.0
2014-07-15,6.15,6.15,6.15,6.15,0.0,0.0
2014-07-16,6.15,6.15,6.15,6.15,0.0,0.0
2014-07-17,6.15,6.15,6.15,6.15,0.0,0.0
2014-07-18,6.15,6.15,6.15,6.15,0.0,0.0
2014-07-21,6.15,6.15,6.15,6.15,0.0,0.0
2014-07-22,6.15,6.15,6.15,6.15,0.0,0.0
2014-07-23,6.15,6.15,6.15,6.15,0.0,0.0
2014-07-24,6.15,6.15,6.15,6.15,0.0,0.0
2014-07-25,6.15,6.15,6.15,6.15,0.0,0.0
2014-07-28,6.15,6.15,6.15,6.15,0.0,0.0
2014-07-29,6.15,6.15,6.15,6.15,0.0,0.0
2014-07-30,6.15,6.15,6.15,6.15,0.0,0.0
2014-07-31,6.15,6.15,6.15,6.15,0.0,0.0
2014-08-01,6.15,6.15,6.15,6.15,0.0,0.0
2014-08-04,6.15,6.15,6.15,6.15,0.0,0.0
2014-08-05,6.15,6.15,6.15,6.15,0.0,0.0
2014-08-06,6.15,6.15,6.15,6.15,0.0,0.0
2014-08-07,6.15,6.15,6.15,6.15,0.0,0.0
2014-08-08,5.74,6.72,6.77,5.74,69520944.0,453773152.0
2014-08-11,6.67,6.78,7.04,6.63,53891496.0,368279552.0
2014-08-12,6.71,6.79,6.86,6.68,31391892.0,212933984.0
2014-08-13,6.79,7.27,7.46,6.72,39151228.0,277134720.0
2014-08-14,7.2,7.07,7.33,7.04,24831806.0,179055728.0
2014-08-15,7.02,6.81,7.04,6.71,39040656.0,266801408.0
2014-08-18,6.84,6.84,6.88,6.71,24369072.0,165482704.0
2014-08-19,6.85,7.11,7.2,6.82,32587406.0,229616720.0
2014-08-20,7.1,7.24,7.56,7.02,35963104.0,264226432.0
2014-08-21,7.24,7.34,7.36,7.05,17737700.0,128524720.0
2014-08-22,7.32,7.56,7.65,7.28,24443400.0,184077984.0
2014-08-25,7.59,7.49,7.68,7.31,13774816.0,103219040.0
2014-08-26,7.41,7.4,7.84,7.4,18881432.0,143258784.0
2014-08-27,7.3,7.08,7.49,6.96,42159092.0,302370016.0
2014-08-28,7.05,6.98,7.12,6.87,27465512.0,191854960.0
2014-08-29,6.96,6.89,6.97,6.79,21693982.0,148608848.0
2014-09-01,6.88,6.94,6.98,6.79,21578216.0,148720704.0
2014-09-02,6.92,7.08,7.09,6.88,26490800.0,185959408.0
2014-09-03,7.08,7.06,7.11,6.98,21842344.0,153727504.0
2014-09-04,7.06,7.01,7.06,6.98,20909678.0,146579696.0
2014-09-05,7.01,7.01,7.01,7.01,0.0,0.0
2014-09-09,7.01,7.01,7.01,7.01,0.0,0.0
2014-09-10,7.01,7.01,7.01,7.01,0.0,0.0
2014-09-11,7.01,7.01,7.01,7.01,0.0,0.0
2014-09-12,7.01,7.01,7.01,7.01,0.0,0.0
2014-09-15,7.01,7.01,7.01,7.01,0.0,0.0
2014-09-16,7.01,7.01,7.01,7.01,0.0,0.0
2014-09-17,7.01,7.01,7.01,7.01,0.0,0.0
2014-09-18,7.01,7.01,7.01,7.01,0.0,0.0
2014-09-19,7.01,7.01,7.01,7.01,0.0,0.0
2014-09-22,7.01,7.01,7.01,7.01,0.0,0.0
2014-09-23,7.01,7.01,7.01,7.01,0.0,0.0
2014-09-24,7.01,7.01,7.01,7.01,0.0,0.0
2014-09-25,7.01,7.01,7.01,7.01,0.0,0.0
2014-09-26,7.01,7.01,7.01,7.01,0.0,0.0
2014-09-29,7.01,7.01,7.01,7.01,0.0,0.0
2014-09-30,7.01,7.01,7.01,7.01,0.0,0.0
2014-10-08,7.01,7.01,7.01,7.01,0.0,0.0
2014-10-09,7.01,7.01,7.01,7.01,0.0,0.0
2014-10-10,7.01,7.01,7.01,7.01,0.0,0.0
2014-10-13,7.01,7.01,7.01,7.01,0.0,0.0
2014-10-14,7.01,7.01,7.01,7.01,0.0,0.0
2014-10-15,7.01,7.01,7.01,7.01,0.0,0.0
2014-10-16,7.01,7.01,7.01,7.01,0.0,0.0
2014-10-17,7.01,7.01,7.01,7.01,0.0,0.0
2014-10-20,7.01,7.01,7.01,7.01,0.0,0.0
2014-10-21,7.01,7.01,7.01,7.01,0.0,0.0
2014-10-22,7.01,7.01,7.01,7.01,0.0,0.0
2014-10-23,7.01,7.01,7.01,7.01,0.0,0.0
2014-10-24,7.01,7.01,7.01,7.01,0.0,0.0
2014-10-27,7.01,7.01,7.01,7.01,0.0,0.0
2014-10-28,7.01,7.01,7.01,7.01,0.0,0.0
2014-10-29,7.01,7.01,7.01,7.01,0.0,0.0
2014-10-30,7.01,7.01,7.01,7.01,0.0,0.0
2014-10-31,7.01,7.01,7.01,7.01,0.0,0.0
2014-11-03,7.01,7.01,7.01,7.01,0.0,0.0
2014-11-04,7.01,7.01,7.01,7.01,0.0,0.0
2014-11-05,7.01,7.01,7.01,7.01,0.0,0.0
2014-11-06,7.01,7.01,7.01,7.01,0.0,0.0
2014-11-07,7.01,7.01,7.01,7.01,0.0,0.0
2014-11-10,7.01,7.01,7.01,7.01,0.0,0.0
2014-11-11,7.01,7.01,7.01,7.01,0.0,0.0
2014-11-12,7.01,7.01,7.01,7.01,0.0,0.0
2014-11-13,7.01,7.01,7.01,7.01,0.0,0.0
2014-11-14,7.01,7.01,7.01,7.01,0.0,0.0
2014-11-17,7.01,7.01,7.01,7.01,0.0,0.0
2014-11-18,7.01,7.01,7.01,7.01,0.0,0.0
2014-11-19,7.01,7.01,7.01,7.01,0.0,0.0
2014-11-20,7.01,7.01,7.01,7.01,0.0,0.0
2014-11-21,7.01,7.01,7.01,7.01,0.0,0.0
2014-11-24,7.01,7.01,7.01,7.01,0.0,0.0
2014-11-25,7.01,7.01,7.01,7.01,0.0,0.0
2014-11-26,7.01,7.01,7.01,7.01,0.0,0.0
2014-11-27,7.01,7.01,7.01,7.01,0.0,0.0
2014-11-28,7.01,7.01,7.01,7.01,0.0,0.0
2014-12-01,7.01,7.01,7.01,7.01,0.0,0.0
2014-12-02,7.01,7.01,7.01,7.01,0.0,0.0
2014-12-03,7.01,7.01,7.01,7.01,0.0,0.0
2014-12-04,7.01,7.01,7.01,7.01,0.0,0.0
2014-12-05,7.01,7.01,7.01,7.01,0.0,0.0
2014-12-08,7.01,7.01,7.01,7.01,0.0,0.0
2014-12-09,7.01,7.01,7.01,7.01,0.0,0.0
2014-12-10,7.01,7.01,7.01,7.01,0.0,0.0
2014-12-11,7.01,7.01,7.01,7.01,0.0,0.0
2014-12-12,7.01,7.01,7.01,7.01,0.0,0.0
2014-12-15,7.01,7.01,7.01,7.01,0.0,0.0
2014-12-16,7.01,7.01,7.01,7.01,0.0,0.0
2014-12-17,7.01,7.01,7.01,7.01,0.0,0.0
2014-12-18,7.01,7.01,7.01,7.01,0.0,0.0
2014-12-19,7.01,7.01,7.01,7.01,0.0,0.0
2014-12-22,7.01,7.01,7.01,7.01,0.0,0.0
2014-12-23,7.01,7.01,7.01,7.01,0.0,0.0
2014-12-24,7.01,7.01,7.01,7.01,0.0,0.0
2014-12-25,7.01,7.01,7.01,7.01,0.0,0.0
2014-12-26,7.01,7.01,7.01,7.01,0.0,0.0
2014-12-29,7.01,7.01,7.01,7.01,0.0,0.0
2014-12-30,7.01,7.01,7.01,7.01,0.0,0.0
2014-12-31,7.01,7.01,7.01,7.01,0.0,0.0
2015-01-05,7.01,7.01,7.01,7.01,0.0,0.0
2015-01-06,7.01,7.01,7.01,7.01,0.0,0.0
2015-01-07,7.01,7.01,7.01,7.01,0.0,0.0
2015-01-08,7.01,7.01,7.01,7.01,0.0,0.0
2015-01-09,7.01,7.01,7.01,7.01,0.0,0.0
2015-01-12,7.01,7.01,7.01,7.01,0.0,0.0
2015-01-13,7.01,7.01,7.01,7.01,0.0,0.0
2015-01-14,7.01,7.01,7.01,7.01,0.0,0.0
2015-01-15,7.01,7.01,7.01,7.01,0.0,0.0
2015-01-16,7.01,7.01,7.01,7.01,0.0,0.0
2015-01-19,7.01,7.01,7.01,7.01,0.0,0.0
2015-01-20,7.01,7.01,7.01,7.01,0.0,0.0
2015-01-21,7.01,7.01,7.01,7.01,0.0,0.0
2015-01-22,7.01,7.01,7.01,7.01,0.0,0.0
2015-01-23,7.01,7.01,7.01,7.01,0.0,0.0
2015-01-26,7.01,7.01,7.01,7.01,0.0,0.0
2015-01-27,7.01,7.01,7.01,7.01,0.0,0.0
2015-01-28,7.01,7.01,7.01,7.01,0.0,0.0
2015-01-29,7.01,7.01,7.01,7.01,0.0,0.0
2015-01-30,7.01,7.01,7.01,7.01,0.0,0.0
2015-02-02,7.01,7.01,7.01,7.01,0.0,0.0
2015-02-03,7.01,7.01,7.01,7.01,0.0,0.0
2015-02-04,7.01,7.01,7.01,7.01,0.0,0.0
2015-02-05,7.01,7.01,7.01,7.01,0.0,0.0
2015-02-06,7.01,7.01,7.01,7.01,0.0,0.0
2015-02-09,7.01,7.01,7.01,7.01,0.0,0.0
2015-02-10,7.01,7.01,7.01,7.01,0.0,0.0
2015-02-11,7.01,7.01,7.01,7.01,0.0,0.0
2015-02-12,7.01,7.01,7.01,7.01,0.0,0.0
2015-02-13,7.01,7.01,7.01,7.01,0.0,0.0
2015-02-16,7.01,7.01,7.01,7.01,0.0,0.0
2015-02-17,7.01,7.01,7.01,7.01,0.0,0.0
2015-02-25,7.01,7.01,7.01,7.01,0.0,0.0
2015-02-26,7.01,7.01,7.01,7.01,0.0,0.0
2015-02-27,7.01,7.01,7.01,7.01,0.0,0.0
2015-03-02,7.01,7.01,7.01,7.01,0.0,0.0
2015-03-03,7.01,7.01,7.01,7.01,0.0,0.0
2015-03-04,7.01,7.01,7.01,7.01,0.0,0.0
2015-03-05,7.01,7.01,7.01,7.01,0.0,0.0
2015-03-06,7.01,7.01,7.01,7.01,0.0,0.0
2015-03-09,7.01,7.01,7.01,7.01,0.0,0.0
2015-03-10,7.01,7.01,7.01,7.01,0.0,0.0
2015-03-11,7.01,7.01,7.01,7.01,0.0,0.0
2015-03-12,7.01,7.01,7.01,7.01,0.0,0.0
2015-03-13,7.01,7.01,7.01,7.01,0.0,0.0
2015-03-16,7.01,7.01,7.01,7.01,0.0,0.0
2015-03-17,7.01,7.01,7.01,7.01,0.0,0.0
2015-03-18,7.01,7.01,7.01,7.01,0.0,0.0
2015-03-19,7.01,7.01,7.01,7.01,0.0,0.0
2015-03-20,7.01,7.01,7.01,7.01,0.0,0.0
2015-03-23,7.01,7.01,7.01,7.01,0.0,0.0
2015-03-24,7.01,7.01,7.01,7.01,0.0,0.0
2015-03-25,7.01,7.01,7.01,7.01,0.0,0.0
2015-03-26,7.01,7.01,7.01,7.01,0.0,0.0
2015-03-27,7.01,7.01,7.01,7.01,0.0,0.0
2015-03-30,7.01,7.01,7.01,7.01,0.0,0.0
2015-03-31,7.01,7.01,7.01,7.01,0.0,0.0
2015-04-01,7.01,7.01,7.01,7.01,0.0,0.0
2015-04-02,7.01,7.01,7.01,7.01,0.0,0.0
2015-04-03,7.01,7.01,7.01,7.01,0.0,0.0
2015-04-07,7.01,7.01,7.01,7.01,0.0,0.0
2015-04-08,7.01,7.01,7.01,7.01,0.0,0.0
2015-04-09,7.01,7.01,7.01,7.01,0.0,0.0
2015-04-10,7.01,7.01,7.01,7.01,0.0,0.0
2015-04-13,7.01,7.01,7.01,7.01,0.0,0.0
2015-04-14,7.01,7.01,7.01,7.01,0.0,0.0
2015-04-15,7.01,7.01,7.01,7.01,0.0,0.0
2015-04-16,7.01,7.01,7.01,7.01,0.0,0.0
2015-04-17,7.01,7.01,7.01,7.01,0.0,0.0
2015-04-20,7.01,7.01,7.01,7.01,0.0,0.0
2015-04-21,7.01,7.01,7.01,7.01,0.0,0.0
2015-04-22,7.01,7.01,7.01,7.01,0.0,0.0
2015-04-23,7.01,7.01,7.01,7.01,0.0,0.0
2015-04-24,7.01,7.01,7.01,7.01,0.0,0.0
2015-04-27,7.01,7.01,7.01,7.01,0.0,0.0
2015-04-28,7.01,7.01,7.01,7.01,0.0,0.0
2015-04-29,7.01,7.01,7.01,7.01,0.0,0.0
2015-04-30,7.01,7.01,7.01,7.01,0.0,0.0
2015-05-04,7.01,7.01,7.01,7.01,0.0,0.0
2015-05-05,7.01,7.01,7.01,7.01,0.0,0.0
2015-05-06,7.01,7.01,7.01,7.01,0.0,0.0
2015-05-07,7.01,7.01,7.01,7.01,0.0,0.0
2015-05-08,7.01,7.01,7.01,7.01,0.0,0.0
2015-05-11,7.01,7.01,7.01,7.01,0.0,0.0
2015-05-12,7.01,7.01,7.01,7.01,0.0,0.0
2015-05-13,7.01,7.01,7.01,7.01,0.0,0.0
2015-05-14,7.01,7.01,7.01,7.01,0.0,0.0
2015-05-15,7.01,7.01,7.01,7.01,0.0,0.0
2015-05-18,7.01,7.01,7.01,7.01,0.0,0.0
2015-05-19,7.01,7.01,7.01,7.01,0.0,0.0
2015-05-20,7.01,7.01,7.01,7.01,0.0,0.0
2015-05-21,7.01,7.01,7.01,7.01,0.0,0.0
2015-05-22,7.01,7.01,7.01,7.01,0.0,0.0
2015-05-25,7.01,7.01,7.01,7.01,0.0,0.0
2015-05-26,7.01,7.01,7.01,7.01,0.0,0.0
2015-05-27,7.01,7.01,7.01,7.01,0.0,0.0
2015-05-28,7.01,7.01,7.01,7.01,0.0,0.0
2015-05-29,7.01,7.01,7.01,7.01,0.0,0.0
2015-06-01,7.01,7.01,7.01,7.01,0.0,0.0
2015-06-02,7.01,7.01,7.01,7.01,0.0,0.0
2015-06-03,7.01,7.01,7.01,7.01,0.0,0.0
2015-06-04,7.01,7.01,7.01,7.01,0.0,0.0
2015-06-05,7.01,7.01,7.01,7.01,0.0,0.0
2015-06-08,7.01,7.01,7.01,7.01,0.0,0.0
2015-06-09,7.01,7.01,7.01,7.01,0.0,0.0
2015-06-10,7.01,7.01,7.01,7.01,0.0,0.0
2015-06-11,7.01,7.01,7.01,7.01,0.0,0.0
2015-06-12,7.01,7.01,7.01,7.01,0.0,0.0
2015-06-15,7.01,7.01,7.01,7.01,0.0,0.0
2015-06-16,7.01,7.01,7.01,7.01,0.0,0.0
2015-06-17,7.01,7.01,7.01,7.01,0.0,0.0
2015-06-18,7.01,7.01,7.01,7.01,0.0,0.0
2015-06-19,7.01,7.01,7.01,7.01,0.0,0.0
2015-06-23,7.71,7.71,7.71,7.71,240583.0,1854895.0
2015-06-24,8.48,8.48,8.48,8.48,183592.0,1556860.0
2015-06-25,9.33,9.33,9.33,9.33,96536.0,900681.0
2015-06-26,10.26,10.26,10.26,10.26,660374.0,6775437.0
2015-06-29,11.29,11.29,11.29,9.31,108451152.0,1172447232.0
2015-06-30,10.5,12.42,12.42,10.3,95798304.0,1116164736.0
2015-07-01,13.16,13.66,13.66,13.16,30684400.0,415755008.0
2015-07-02,14.0,12.31,14.99,12.29,128903456.0,1810782976.0
2015-07-03,11.16,11.08,12.5,11.08,67011800.0,763523840.0
2015-07-06,11.98,9.97,12.11,9.97,64423760.0,692023936.0
2015-07-07,9.02,8.97,9.5,8.97,17087160.0,154048016.0
2015-07-08,8.97,8.97,8.97,8.97,0.0,0.0
2015-07-09,8.97,8.97,8.97,8.97,0.0,0.0
2015-07-10,8.97,8.97,8.97,8.97,0.0,0.0
2015-07-13,8.97,8.97,8.97,8.97,0.0,0.0
2015-07-14,8.97,8.97,8.97,8.97,0.0,0.0
2015-07-15,8.97,8.97,8.97,8.97,0.0,0.0
2015-07-16,8.97,8.97,8.97,8.97,0.0,0.0
2015-07-17,8.97,8.97,8.97,8.97,0.0,0.0
2015-07-20,8.97,8.97,8.97,8.97,0.0,0.0
2015-07-21,8.97,8.97,8.97,8.97,0.0,0.0
2015-07-22,8.97,8.97,8.97,8.97,0.0,0.0
2015-07-23,8.97,8.97,8.97,8.97,0.0,0.0
2015-07-24,8.97,8.97,8.97,8.97,0.0,0.0
2015-07-27,8.97,8.97,8.97,8.97,0.0,0.0
2015-07-28,8.97,8.97,8.97,8.97,0.0,0.0
2015-07-29,8.97,8.97,8.97,8.97,0.0,0.0
2015-07-30,8.97,8.97,8.97,8.97,0.0,0.0
2015-07-31,8.97,8.97,8.97,8.97,0.0,0.0
2015-08-03,8.97,8.97,8.97,8.97,0.0,0.0
2015-08-04,8.97,8.97,8.97,8.97,0.0,0.0
2015-08-05,8.97,8.97,8.97,8.97,0.0,0.0
2015-08-06,8.97,8.97,8.97,8.97,0.0,0.0
2015-08-07,8.97,8.97,8.97,8.97,0.0,0.0
2015-08-10,8.97,8.97,8.97,8.97,0.0,0.0
2015-08-11,8.97,8.97,8.97,8.97,0.0,0.0
2015-08-12,9.87,9.87,9.87,9.87,2209962.0,21812324.0
2015-08-13,10.86,10.86,10.86,10.86,2256099.0,24501236.0
2015-08-14,11.95,11.95,11.95,11.95,821260.0,9814057.0
2015-08-17,13.15,13.15,13.15,12.37,93246056.0,1204636800.0
2015-08-18,13.1,12.79,14.1,12.01,84820672.0,1118115968.0
2015-08-19,12.15,12.97,13.3,11.52,55599180.0,699947392.0
2015-08-20,12.73,11.67,12.9,11.67,45259852.0,550890496.0
2015-08-21,11.33,10.5,11.47,10.5,35387160.0,382752864.0
2015-08-24,9.8,9.45,9.8,9.45,11568533.0,110051496.0
2015-08-25,8.51,8.51,8.51,8.51,5538500.0,47132636.0
2015-08-26,7.7,7.66,8.65,7.66,64925580.0,515100192.0
2015-08-27,7.69,7.84,8.15,7.11,55334420.0,426475168.0
2015-08-28,7.96,8.62,8.62,7.65,52866172.0,430672576.0
2015-08-31,8.4,7.89,8.49,7.76,41178860.0,332572256.0
2015-09-01,7.71,7.58,7.71,7.1,38243124.0,277589472.0
2015-09-02,7.09,6.85,7.55,6.85,32758388.0,233479872.0
2015-09-07,6.88,6.98,7.24,6.88,24754124.0,174283120.0
2015-09-08,6.93,7.4,7.47,6.9,22498612.0,160421360.0
2015-09-09,7.4,7.65,7.8,7.31,36739896.0,278261312.0
2015-09-10,7.47,7.21,7.58,7.18,22619620.0,167389664.0
2015-09-11,7.21,7.14,7.36,7.0,18034108.0,129162040.0
2015-09-14,7.14,6.98,7.3,6.43,37191216.0,252942160.0
2015-09-15,6.61,6.87,6.87,6.31,24110464.0,159799984.0
2015-09-16,6.67,7.3,7.5,6.6,34457268.0,241678640.0
2015-09-17,7.24,6.89,7.27,6.89,32377196.0,229305008.0
2015-09-18,6.91,7.08,7.14,6.66,20716452.0,141807168.0
2015-09-21,6.85,7.08,7.19,6.8,26338546.0,186337120.0
2015-09-22,7.1,7.07,7.28,6.96,23762496.0,169179536.0
2015-09-23,6.95,7.03,7.11,6.86,18389628.0,128326560.0
2015-09-24,7.04,7.15,7.19,7.0,20069304.0,142178864.0
2015-09-25,7.05,7.03,7.14,6.68,19894412.0,138538720.0
2015-09-28,6.98,6.99,7.07,6.88,9832654.0,68791552.0
2015-09-29,6.91,7.69,7.69,6.91,58493128.0,442001504.0
2015-09-30,7.8,7.8,8.3,7.69,61301672.0,487874816.0
2015-10-08,8.0,8.14,8.28,7.72,41819456.0,336060736.0
2015-10-09,8.1,8.04,8.27,7.77,34898940.0,278798112.0
2015-10-12,8.05,8.39,8.49,8.04,34696984.0,287583584.0
2015-10-13,8.29,8.74,9.08,8.23,33925416.0,296334208.0
2015-10-14,8.74,8.56,9.17,8.54,30941900.0,272844544.0
2015-10-15,8.5,8.79,8.87,8.4,23150308.0,201489856.0
2015-10-16,8.83,8.66,8.94,8.37,27944596.0,241049952.0
2015-10-19,8.65,8.54,8.85,8.44,22873212.0,197785584.0
2015-10-20,8.54,9.09,9.2,8.46,31314254.0,279536928.0
2015-10-21,9.1,8.18,9.13,8.18,35073556.0,302613440.0
2015-10-22,8.17,8.3,8.36,7.9,23259780.0,189973296.0
2015-10-23,8.38,8.55,8.7,8.21,23643114.0,199697776.0
2015-10-26,8.77,8.98,9.21,8.55,39794816.0,354018880.0
2015-10-27,8.8,8.95,9.06,8.4,25264680.0,221658288.0
2015-10-28,8.91,8.89,9.47,8.84,27462444.0,251199632.0
2015-10-29,8.96,8.77,9.13,8.66,16790672.0,148708176.0
2015-10-30,8.75,9.25,9.65,8.75,45242468.0,423573664.0
2015-11-02,9.0,9.5,9.8,8.84,37252904.0,349691712.0
2015-11-03,9.61,9.6,9.8,9.23,24465716.0,232301584.0
2015-11-04,9.61,10.12,10.13,9.39,28285910.0,280114496.0
2015-11-05,10.5,10.04,10.67,9.93,33699388.0,343034560.0
2015-11-06,9.93,10.17,10.23,9.93,22131248.0,222857936.0
2015-11-09,10.0,9.97,10.13,9.68,25209838.0,250792432.0
2015-11-10,9.88,9.97,10.25,9.76,19136988.0,192211616.0
2015-11-11,10.08,10.28,10.47,9.97,22505736.0,231277792.0
2015-11-12,10.27,10.2,10.44,10.05,17670730.0,180546320.0
2015-11-13,10.08,10.21,10.45,10.03,20005144.0,205235280.0
2015-11-16,10.01,11.12,11.23,9.9,29537268.0,322237344.0
2015-11-17,11.06,10.91,11.3,10.88,25342510.0,279866592.0
2015-11-18,10.98,11.05,11.49,10.98,19967532.0,224852848.0
2015-11-19,11.07,11.61,11.65,11.07,19896542.0,227204096.0
2015-11-20,11.73,12.52,12.66,11.73,24293090.0,296751136.0
2015-11-23,12.52,11.93,13.09,11.91,27859880.0,345653440.0
2015-11-24,11.83,12.29,12.48,11.5,21463866.0,256643856.0
2015-11-25,12.14,12.69,12.75,12.14,15501801.0,193114720.0
2015-11-26,12.7,12.35,13.0,12.35,16166801.0,203482640.0
2015-11-27,12.38,11.23,12.6,11.12,22019908.0,258409344.0
2015-11-30,11.2,11.59,11.74,10.68,24547924.0,277208832.0
2015-12-01,11.61,12.24,12.48,11.6,22612628.0,273993920.0
2015-12-02,12.43,12.25,12.63,11.77,18385694.0,225329264.0
2015-12-03,12.21,12.31,12.47,12.07,11032954.0,135091312.0
2015-12-04,12.32,12.58,12.61,12.2,17761114.0,220988336.0
2015-12-07,12.58,12.5,12.88,12.31,16781042.0,211184080.0
2015-12-08,12.26,12.03,12.45,11.81,17084750.0,205758896.0
2015-12-09,12.03,11.88,12.08,11.8,10433267.0,124646424.0
2015-12-10,12.11,12.06,12.35,11.95,10374672.0,125987928.0
2015-12-11,12.1,11.42,12.13,11.24,20707852.0,240073104.0
2015-12-14,11.3,11.82,11.83,11.11,11460773.0,132401264.0
2015-12-15,12.05,12.3,12.79,12.0,16111329.0,200214976.0
2015-12-16,12.26,12.13,12.49,12.08,9496947.0,116022768.0
2015-12-17,12.15,12.23,12.36,12.13,13075075.0,159690896.0
2015-12-18,12.23,12.63,12.68,12.14,18817202.0,233484544.0
2015-12-21,12.78,12.5,12.96,12.4,20769132.0,261554704.0
2015-12-22,12.47,12.32,12.6,12.2,12223804.0,150632256.0
2015-12-23,12.35,12.27,12.58,12.04,17455104.0,214823136.0
2015-12-24,12.45,12.8,12.8,12.28,20825676.0,261772064.0
2015-12-25,12.83,13.36,13.48,12.83,26491560.0,351030944.0
2015-12-28,13.44,12.81,13.44,12.72,20830840.0,271782720.0
2015-12-29,12.81,12.65,12.9,12.41,12331643.0,155379456.0
2015-12-30,12.76,12.72,12.88,12.49,12357478.0,156659376.0
2015-12-31,12.72,12.15,12.73,12.15,13382300.0,166263104.0
2016-01-04,12.14,10.94,12.14,10.94,14583411.0,167355200.0
2016-01-05,10.03,10.18,10.63,9.85,25550106.0,261076096.0
2016-01-06,10.26,10.4,10.58,10.2,14663515.0,152017664.0
2016-01-07,10.18,9.36,10.19,9.36,4345700.0,41433272.0
2016-01-08,9.78,9.21,9.78,8.42,17749332.0,162907424.0
2016-01-11,9.15,8.29,9.15,8.29,17852400.0,153914608.0
2016-01-12,8.31,8.06,8.47,7.6,16835020.0,137100256.0
2016-01-13,8.2,8.09,8.59,7.98,15788421.0,130225160.0
2016-01-14,7.8,8.33,8.52,7.5,17570584.0,141104512.0
2016-01-15,8.31,7.82,8.43,7.6,16469699.0,131729648.0
2016-01-18,7.58,8.15,8.39,7.42,16225331.0,129648048.0
2016-01-19,8.03,8.6,8.7,8.03,19181076.0,161723632.0
2016-01-20,8.58,8.74,8.98,8.46,18997848.0,166728608.0
2016-01-21,8.51,8.21,8.78,8.21,13480457.0,114731416.0
2016-01-22,8.3,8.32,8.4,8.0,12126567.0,99328104.0
2016-01-25,8.42,8.47,8.6,8.33,8916627.0,75447640.0
2016-01-26,8.37,7.78,8.45,7.63,13453515.0,108018760.0
2016-01-27,7.95,7.58,7.95,7.14,13973783.0,104952040.0
2016-01-28,7.58,7.36,7.63,7.11,9333735.0,68855576.0
2016-01-29,7.39,7.6,7.69,7.22,10919628.0,81948769.31
2016-02-01,7.6,7.51,7.6,7.35,6605717.0,49359138.17
2016-02-02,7.54,7.78,7.89,7.5,9526788.0,73985711.04
2016-02-03,7.7,8.03,8.04,7.61,8415133.0,66330853.6
2016-02-04,8.03,8.3,8.34,8.03,9132147.0,75275975.96
2016-02-05,8.37,8.4,8.43,8.2,6958430.0,58002961.9
2016-02-15,7.9,8.31,8.4,7.9,7414572.0,60928841.7
2016-02-16,8.38,8.61,8.67,8.36,8523072.0,72704893.22
2016-02-17,8.61,8.59,8.66,8.43,8587332.0,73158846.68
2016-02-18,8.7,8.45,8.7,8.44,7571179.0,64704748.65
2016-02-19,8.46,8.39,8.55,8.3,7230724.0,60768920.53
2016-02-22,8.51,8.54,8.64,8.44,7094167.0,60475776.38
2016-02-23,8.52,8.45,8.62,8.34,6091874.0,51610517.98
2016-02-24,8.4,8.4,8.46,8.2,9154977.0,76216947.73
2016-02-25,8.45,7.56,8.45,7.56,11700257.0,92595696.16
2016-02-26,7.81,7.5,7.81,7.16,12772587.0,95086188.99
2016-02-29,7.44,6.89,7.44,6.75,13317834.0,92476616.92
2016-03-01,6.9,7.11,7.18,6.78,9593935.0,66891070.16
2016-03-02,7.12,7.31,7.43,7.01,10203304.0,73787623.44
2016-03-03,7.26,7.29,7.49,7.26,9978027.0,73435052.75
2016-03-04,7.31,7.09,7.48,6.91,9724940.0,69696162.94
2016-03-07,7.12,7.2,7.28,7.02,7378681.0,52993662.54
2016-03-08,7.25,7.45,7.46,7.05,11363885.0,82416710.35
2016-03-09,7.32,7.25,7.44,7.1,7631844.0,55764689.12
2016-03-10,7.25,7.2,7.43,7.14,6904734.0,50466372.61
2016-03-11,7.2,7.29,7.29,7.1,4305304.0,30972171.19
2016-03-14,7.39,7.44,7.55,7.3,8941572.0,66799687.54
2016-03-15,7.5,7.31,7.5,7.29,5285614.0,38976821.22
2016-03-16,7.4,7.2,7.44,7.15,6594377.0,47945080.23
2016-03-17,7.3,7.42,7.45,7.17,9323571.0,68611215.02
2016-03-18,7.43,7.87,7.98,7.4,15925549.0,122402983.33
2016-03-21,7.95,8.1,8.17,7.95,12487507.0,100642821.75
2016-03-22,8.03,7.93,8.05,7.87,9490874.0,75526464.11
2016-03-23,7.96,8.05,8.08,7.82,8129869.0,64971837.95
2016-03-24,8.01,8.01,8.1,7.85,8847511.0,70587566.84
2016-03-25,7.97,8.36,8.37,7.93,10306810.0,83308230.9
2016-03-28,8.45,8.18,8.58,8.08,12426139.0,103976307.2
2016-03-29,8.19,8.16,8.34,8.07,9070379.0,74151528.82
2016-03-30,8.24,8.42,8.45,8.2,8568268.0,71548111.28
2016-03-31,8.48,8.4,8.66,8.35,13048870.0,110813821.34
2016-04-01,8.44,8.43,8.49,8.19,9663860.0,80380495.22
2016-04-05,8.49,8.74,8.85,8.4,13824862.0,119348552.17
2016-04-06,8.69,8.66,8.81,8.58,9411516.0,81848201.42
2016-04-07,8.66,8.66,8.93,8.6,10394664.0,90936260.84
2016-04-08,8.66,8.73,8.84,8.58,11520590.0,100004257.66
2016-04-11,8.88,8.91,9.09,8.8,12632415.0,113068248.94
2016-04-12,8.98,8.79,8.98,8.6,10029076.0,87846049.42
2016-04-13,8.86,8.99,9.06,8.81,11086530.0,99389688.48
2016-04-14,8.85,8.79,8.97,8.58,26515980.0,231527028.58
2016-04-15,8.7,8.53,8.79,8.5,14654021.0,126626172.25
2016-04-18,8.5,8.7,8.77,8.27,18574822.0,158465793.34
2016-04-19,8.69,8.69,8.85,8.62,10077229.0,88168207.62
2016-04-20,8.7,8.41,8.93,8.2,19613016.0,168079446.15
2016-04-21,8.37,8.4,8.51,8.32,10034119.0,84517422.36
2016-04-22,8.34,8.32,8.42,8.23,6816651.0,56743425.7
2016-04-25,8.32,8.27,8.39,8.22,4653198.0,38666860.28
2016-04-26,8.27,8.28,8.35,8.12,6663041.0,54800521.49
2016-04-27,8.32,8.39,8.44,8.14,7013274.0,58536765.29
2016-04-28,8.39,8.35,8.5,8.15,8057782.0,67075673.95
2016-04-29,8.4,8.25,8.4,8.24,3715868.0,30844187.73
2016-05-03,8.22,8.43,8.44,8.2,6087843.0,50987031.01
2016-05-04,8.41,9.27,9.27,8.35,24981338.0,224163542.35
2016-05-05,9.38,9.12,9.43,9.05,16202742.0,149016159.26
2016-05-06,9.2,9.31,9.78,9.15,26539298.0,250945781.78
2016-05-09,9.15,8.83,9.26,8.68,17757183.0,159530316.06
2016-05-10,8.83,8.85,9.05,8.73,11146231.0,99387946.73
2016-05-11,8.98,8.58,9.04,8.33,18015731.0,154662516.49
2016-05-12,8.3,8.37,8.47,8.18,7690561.0,64183340.25
2016-05-13,8.28,8.36,8.55,8.28,5559267.0,46733629.01
2016-05-16,8.31,8.57,8.6,8.24,6965875.0,59023185.17
2016-05-17,8.64,8.9,8.98,8.59,15254082.0,134409771.12
2016-05-18,8.77,8.27,8.79,8.2,16538674.0,138628496.44
2016-05-19,8.32,8.19,8.42,8.18,6212491.0,51466878.64
2016-05-20,8.21,8.27,8.37,8.03,6485933.0,53476173.09
2016-05-23,8.28,8.39,8.55,8.28,6840273.0,57555106.52
2016-05-24,8.39,8.45,8.59,8.15,9199720.0,77217772.28
2016-05-25,8.48,8.34,8.55,8.31,5248264.0,44134249.4
2016-05-26,8.34,8.31,8.37,8.13,5774501.0,47527656.89
2016-05-27,8.29,8.34,8.4,8.25,5534429.0,46069247.23
2016-05-30,8.28,8.2,8.31,8.11,3533200.0,29050440.62
2016-05-31,8.2,8.59,8.64,8.18,9871641.0,83837060.27
2016-06-01,8.6,8.65,8.84,8.56,11358882.0,99063424.61
2016-06-02,8.71,8.64,8.78,8.58,8905443.0,76987181.17
2016-06-03,8.64,8.62,8.7,8.55,5598360.0,48245506.97
2016-06-06,8.8,8.98,9.41,8.79,18746471.0,169999294.61
2016-06-07,8.89,8.99,9.14,8.88,8822107.0,79473287.75
2016-06-08,9.09,8.95,9.25,8.94,11142444.0,101366467.23
2016-06-13,8.8,8.25,8.8,8.21,10498918.0,90273704.34
2016-06-14,8.16,8.33,8.45,8.16,5738190.0,47704648.36
2016-06-15,8.25,8.69,8.88,8.2,9147227.0,78554853.21
2016-06-16,8.75,8.79,8.89,8.62,7991289.0,69910724.94
2016-06-17,8.78,8.73,8.94,8.69,6360871.0,55949119.67
2016-06-20,8.73,8.54,8.76,8.34,9036588.0,77026964.33
2016-06-21,8.62,8.51,8.87,8.4,7291456.0,62818100.08
2016-06-22,8.53,8.68,8.68,8.38,4834550.0,41498339.83
2016-06-23,8.6,8.65,8.79,8.49,5729683.0,49444496.02
2016-06-24,8.62,8.46,8.68,8.32,7692273.0,65309182.13
2016-06-27,8.48,8.61,8.61,8.43,5318436.0,45407899.0
2016-06-28,8.58,8.63,8.74,8.55,6415015.0,55495882.93
2016-06-29,8.69,8.77,8.95,8.68,8450953.0,74379808.26
2016-06-30,8.8,8.77,8.84,8.7,6540111.0,57389491.96
2016-07-01,8.72,8.74,8.82,8.69,5087294.0,44499029.41
2016-07-04,8.7,8.94,9.07,8.63,12320635.0,110152364.47
2016-07-05,8.88,9.04,9.14,8.87,12047982.0,108476718.09
2016-07-06,8.99,9.27,9.35,8.91,15793123.0,144378206.96
2016-07-07,9.25,9.18,9.32,9.06,13246583.0,121885766.44
2016-07-08,9.17,8.99,9.23,8.99,9673527.0,87965281.71
2016-07-11,8.91,8.99,9.28,8.9,13166742.0,119764462.74
2016-07-12,8.98,8.88,9.05,8.68,14431993.0,127554710.98
2016-07-13,8.98,8.88,8.98,8.82,8553890.0,75988701.4
2016-07-14,8.94,8.82,8.95,8.77,7086086.0,62507405.7
2016-07-15,8.86,8.72,8.86,8.69,10295097.0,90233758.44
2016-07-18,8.69,8.61,8.78,8.52,7145985.0,61582047.0
2016-07-19,8.62,8.93,8.96,8.6,10751624.0,94536705.37
2016-07-20,8.91,8.93,9.12,8.83,9851282.0,88509557.59
2016-07-21,8.9,8.82,8.97,8.8,7162533.0,63542485.31
2016-07-22,8.82,8.73,8.93,8.7,5309711.0,46608226.12
2016-07-25,8.56,8.69,8.77,8.56,4908404.0,42592635.68
2016-07-26,8.7,8.76,8.76,8.66,4033555.0,35127214.44
2016-07-27,8.75,8.35,8.78,8.03,11486450.0,97168998.94
2016-07-28,8.35,7.99,8.39,7.8,13737962.0,110530672.4
2016-07-29,7.98,7.91,8.07,7.87,7549558.0,60126693.88
2016-08-01,7.92,7.87,7.96,7.71,4744714.0,37042672.71
2016-08-02,7.9,8.04,8.05,7.89,3213711.0,25696077.66
2016-08-03,8.02,8.0,8.15,7.9,3512926.0,28111955.64
2016-08-04,8.02,8.1,8.19,7.97,4440478.0,35875182.6
2016-08-05,8.17,8.05,8.19,8.02,3261812.0,26415910.09
2016-08-08,8.05,8.05,8.08,7.92,7024730.0,56161895.65
2016-08-09,8.11,8.2,8.29,8.02,5753635.0,47017037.12
2016-08-10,8.29,8.22,8.45,8.2,5513527.0,45766978.8
2016-08-11,8.2,8.14,8.39,8.1,6611988.0,54584766.71
2016-08-12,8.14,8.26,8.33,8.0,6007344.0,49176753.67
2016-08-15,8.27,8.37,8.42,8.18,6632126.0,55156257.04
2016-08-16,8.35,8.34,8.4,8.27,4799238.0,39962311.92
2016-08-17,8.34,8.33,8.46,8.28,5480235.0,45796355.32
2016-08-18,8.32,8.18,8.34,8.17,6169150.0,50788522.59
2016-08-19,8.19,8.2,8.23,8.05,7059103.0,57370884.62
2016-08-22,8.22,8.17,8.23,8.14,3597293.0,29428012.53
2016-08-23,8.16,8.09,8.21,8.05,3614656.0,29361948.98
2016-08-24,8.14,8.1,8.25,8.08,4875161.0,39694106.9
2016-08-25,8.12,8.09,8.12,7.96,4834061.0,38773043.13
2016-08-26,8.14,8.06,8.16,8.04,3570825.0,28888818.0
2016-08-29,8.11,8.07,8.15,8.01,3700958.0,29892316.55
2016-08-30,8.1,8.08,8.14,8.06,3968907.0,32135756.74
2016-08-31,8.13,8.34,8.69,8.13,10323374.0,86546395.75
2016-09-01,8.28,8.21,8.33,8.15,5675902.0,46679420.84
2016-09-02,8.18,8.13,8.22,8.1,3721842.0,30342848.22
2016-09-05,8.16,8.34,8.43,8.15,8029426.0,66512881.32
2016-09-06,8.37,8.35,8.41,8.25,4806715.0,40048331.62
2016-09-07,8.38,8.22,8.4,8.21,4924591.0,40873103.87
2016-09-08,8.22,8.32,8.39,8.21,5072840.0,42148432.18
2016-09-09,8.33,8.39,8.53,8.28,8778636.0,74042735.0
2016-09-12,8.22,8.15,8.26,8.1,6205522.0,50681705.27
2016-09-13,8.18,8.19,8.23,8.12,5356282.0,43831513.55
2016-09-14,8.2,8.09,8.2,8.07,4082103.0,33108341.13
2016-09-19,8.09,8.13,8.15,8.03,4319209.0,34950299.98
2016-09-20,8.13,8.06,8.16,7.99,4700844.0,37790919.88
2016-09-21,8.06,8.13,8.25,8.04,5669240.0,46251321.37
2016-09-22,8.16,8.2,8.25,8.1,4970038.0,40630272.4
2016-09-23,8.2,8.17,8.23,8.11,3302227.0,26970323.78
2016-09-26,8.17,8.22,8.4,8.12,11554981.0,95490335.97
2016-09-27,8.22,8.34,8.4,8.15,7727752.0,64196230.73
2016-09-28,8.31,8.28,8.36,8.22,3687564.0,30497655.42
2016-09-29,8.25,8.25,8.33,8.21,3256516.0,26946188.98
2016-09-30,8.25,8.25,8.31,8.21,3752667.0,31011268.64
2016-10-10,8.25,8.32,8.35,8.25,5704731.0,47370274.1
2016-10-11,8.32,8.4,8.44,8.32,6976574.0,58418071.24
2016-10-12,8.4,8.53,8.61,8.35,9778830.0,83159740.93
2016-10-13,8.52,8.5,8.65,8.45,8209862.0,70075763.8
2016-10-14,8.5,8.73,8.75,8.48,16490609.0,142623196.42
2016-10-17,8.63,8.68,8.79,8.57,12742770.0,110628277.98
2016-10-18,8.68,8.71,8.74,8.62,5803386.0,50376367.48
2016-10-19,8.74,8.7,8.83,8.65,8789411.0,76857692.06
2016-10-20,8.71,8.54,8.73,8.49,8491765.0,72830916.59
2016-10-21,8.54,8.61,8.63,8.5,6104523.0,52329679.84
2016-10-24,8.59,8.57,8.66,8.55,4632055.0,39756811.55
2016-10-25,8.59,8.57,8.62,8.48,5583094.0,47632022.6
2016-10-26,8.57,8.53,8.57,8.49,4339569.0,36964778.83
2016-10-27,8.53,8.55,8.6,8.41,6581817.0,56137072.07
2016-10-28,8.5,8.53,8.7,8.5,7068944.0,60805203.69
2016-10-31,8.53,8.99,9.28,8.48,17773010.0,157389324.57
2016-11-01,8.99,9.03,9.07,8.85,10404311.0,93593630.95
2016-11-02,9.02,8.85,9.02,8.78,8751763.0,77714751.79
2016-11-03,8.8,8.87,8.98,8.73,7246609.0,64455151.34
2016-11-04,8.87,9.14,9.19,8.82,12700082.0,114531183.5
2016-11-07,9.16,9.07,9.4,9.06,10168010.0,93505166.21
2016-11-08,9.07,9.07,9.17,8.98,7067118.0,64022364.08
2016-11-09,9.08,9.15,9.27,9.03,14552998.0,133359916.63
2016-11-10,9.21,9.38,9.47,9.13,14537787.0,135010374.81
2016-11-11,9.38,9.43,9.57,9.25,13942458.0,131853151.28
2016-11-14,9.4,9.61,9.7,9.36,12458221.0,119083462.26
2016-11-15,9.6,10.05,10.13,9.55,21692234.0,213157869.29
2016-11-16,10.0,9.97,10.18,9.85,15780327.0,157639633.23
2016-11-17,10.15,9.9,10.3,9.84,13440438.0,134694747.86
2016-11-18,9.96,9.83,10.04,9.62,12229191.0,120152447.87
2016-11-21,9.88,9.87,10.1,9.8,9821886.0,97823340.02
2016-11-22,9.82,9.87,9.91,9.76,5992045.0,58912873.05
2016-11-23,9.87,9.43,10.0,9.42,13148233.0,126877292.46
2016-11-24,9.41,9.34,9.58,9.26,12160437.0,114201097.04
2016-11-25,9.33,9.42,9.44,9.15,10714582.0,99498859.73
2016-11-28,9.42,9.23,9.44,9.17,8854164.0,82178094.82
2016-11-29,9.24,9.1,9.35,9.1,5896247.0,54371044.18
2016-11-30,9.19,9.25,9.3,9.08,7199988.0,66291447.74
2016-12-01,9.28,9.38,9.39,9.2,5684542.0,52784566.61
2016-12-02,9.39,9.37,9.55,9.26,9448279.0,88927878.85
2016-12-05,9.38,9.53,9.68,9.38,11098322.0,106087121.56
2016-12-06,9.53,9.39,9.56,9.38,6882027.0,64884971.55
2016-12-07,9.39,9.38,9.47,9.32,4323619.0,40585582.87
2016-12-08,9.4,9.28,9.5,9.25,5949127.0,55530210.15
2016-12-09,9.22,9.2,9.36,9.15,5301485.0,48917791.99
2016-12-12,9.2,8.79,9.26,8.72,9209822.0,82836390.6
2016-12-13,8.85,8.78,8.85,8.51,5951537.0,51865150.33
2016-12-14,8.79,8.71,8.84,8.61,5786234.0,50678594.88
2016-12-15,8.75,8.84,8.89,8.63,4745248.0,41707134.12
2016-12-16,9.0,8.94,9.01,8.88,3231277.0,28866189.76
2016-12-19,8.96,9.21,9.3,8.85,8768564.0,80278677.8
2016-12-20,9.21,9.02,9.27,8.97,5149222.0,46757485.25
2016-12-21,9.04,9.03,9.1,8.98,3959793.0,35746454.26
2016-12-22,9.06,8.96,9.06,8.93,4761360.0,42792024.76
2016-12-23,8.96,8.9,9.01,8.74,4522430.0,40020671.65
2016-12-26,8.87,9.06,9.1,8.81,4345866.0,39055299.5
2016-12-27,9.0,8.96,9.11,8.9,3987703.0,35861340.04
2016-12-28,9.0,8.98,9.06,8.85,3560736.0,31982954.84
2016-12-29,8.96,8.83,9.01,8.83,3712655.0,33059534.18
2016-12-30,8.79,8.85,8.92,8.79,2629809.0,23217452.32
2017-01-03,8.92,8.95,9.0,8.88,3122349.0,27964179.76
2017-01-04,9.0,9.04,9.13,9.0,3620662.0,32811767.59
2017-01-05,9.07,9.03,9.08,8.97,3660197.0,33038952.69
2017-01-06,9.05,9.22,9.27,9.0,6794824.0,62305259.26
2017-01-09,9.19,9.11,9.24,9.06,4252076.0,38750845.68
2017-01-10,9.06,8.9,9.15,8.89,5803801.0,52273270.21
2017-01-11,8.93,8.69,8.94,8.62,7175820.0,62963985.79
2017-01-12,8.66,8.69,8.78,8.59,3573740.0,31016020.42
2017-01-13,8.72,8.55,8.72,8.36,5983200.0,51020705.95
2017-01-16,8.51,8.04,8.51,7.76,6872539.0,56350347.97
2017-01-17,8.1,8.24,8.3,7.91,4266025.0,34538191.12
2017-01-18,8.19,8.18,8.26,8.14,2549501.0,20935314.21
2017-01-19,8.26,8.44,8.48,8.11,5495165.0,45973734.79
2017-01-20,8.38,8.44,8.49,8.32,2108363.0,17799178.69
2017-01-23,8.4,8.51,8.54,8.37,2729340.0,23030796.77
2017-01-24,8.44,8.3,8.54,8.3,3071911.0,25831234.95
2017-01-25,8.32,9.13,9.13,8.11,10629457.0,93166355.53
2017-01-26,9.15,9.41,9.45,9.0,14305648.0,132389641.18
2017-02-03,9.32,9.13,9.4,9.01,6927681.0,63301239.14
2017-02-06,9.13,9.15,9.2,9.03,5287711.0,48188886.46
2017-02-07,9.06,9.11,9.22,9.06,5241929.0,47821404.46
2017-02-08,9.1,9.18,9.2,9.07,4751799.0,43497436.48
2017-02-09,9.13,9.14,9.24,9.12,4371794.0,40044314.94
2017-02-10,9.15,9.28,9.4,9.12,8656414.0,80429059.77
2017-02-13,9.26,9.42,9.47,9.18,8974606.0,83948987.58
2017-02-14,9.38,9.16,9.4,9.12,7229410.0,66732476.03
2017-02-15,9.18,9.16,9.41,9.11,5580134.0,51498843.5
2017-02-16,9.13,9.23,9.3,9.1,3820574.0,35184475.45
2017-02-17,9.27,9.35,9.44,9.2,12670747.0,118267894.56
2017-02-20,9.39,9.4,9.6,9.3,8761215.0,82560927.86
2017-02-21,9.35,9.65,9.65,9.21,11554413.0,109530851.59
2017-02-22,9.6,9.84,9.93,9.54,18349266.0,179096852.61
2017-02-23,9.84,9.92,10.06,9.8,14912940.0,147696409.71
2017-02-24,9.84,9.54,9.9,9.5,16095615.0,155212969.76
2017-02-27,9.54,9.56,9.74,9.51,11599582.0,111909937.56
2017-02-28,9.61,9.68,9.72,9.52,7744464.0,74805228.04
2017-03-01,9.7,9.75,9.81,9.66,8498781.0,82753764.99
2017-03-02,9.7,9.51,9.75,9.5,6613645.0,63379186.62
2017-03-03,9.57,9.57,9.59,9.31,5243615.0,49540466.14
2017-03-06,9.57,9.58,9.64,9.49,4772798.0,45656665.71
2017-03-07,9.62,9.52,9.62,9.49,4053490.0,38642610.67
2017-03-08,9.52,9.31,9.52,9.3,4847093.0,45499174.33
2017-03-09,9.25,9.17,9.35,9.12,5018559.0,46259318.82
2017-03-10,9.17,9.2,9.34,9.11,5692443.0,52477730.29
2017-03-13,9.23,9.26,9.3,9.14,3788365.0,35001701.83
2017-03-14,9.26,9.17,9.3,9.13,4219037.0,38843595.29
2017-03-15,9.28,9.22,9.29,9.17,3191540.0,29447243.35
2017-03-16,9.22,9.24,9.29,9.18,3814658.0,35168762.65
2017-03-17,9.25,9.16,9.28,9.12,5045836.0,46349929.88
2017-03-20,9.15,9.13,9.17,9.03,5760528.0,52382321.14
2017-03-21,9.1,9.15,9.2,9.0,5738305.0,52285635.6
2017-03-22,9.13,8.99,9.13,8.95,6098134.0,54941097.62
2017-03-23,9.05,8.86,9.08,8.85,8306397.0,74146617.53
2017-03-24,8.87,8.94,9.08,8.86,4875667.0,43787295.48
2017-03-27,8.95,8.9,9.0,8.76,6260800.0,55511602.23
2017-03-28,8.94,9.01,9.06,8.85,3799248.0,34117746.28
2017-03-29,8.96,8.9,9.0,8.85,3411793.0,30427704.5
2017-03-30,8.93,8.95,9.08,8.81,7344285.0,65364148.27
2017-03-31,8.99,8.91,9.01,8.79,5250742.0,46499398.11
2017-04-05,8.83,8.94,8.94,8.74,4503292.0,39875804.98
2017-04-06,8.9,8.93,8.96,8.81,5375051.0,47720259.64
2017-04-07,8.91,8.95,8.99,8.83,4409510.0,39244095.53
2017-04-10,8.91,8.81,8.96,8.78,7393892.0,65455472.13
2017-04-11,8.83,8.68,8.9,8.62,6135258.0,53482098.54
2017-04-12,8.8,8.67,8.8,8.61,4231336.0,36836743.5
2017-04-13,8.63,8.69,8.78,8.61,3659470.0,31832695.22
2017-04-14,8.69,8.45,8.72,8.42,6497509.0,55427077.84
2017-04-17,8.35,8.23,8.42,8.14,5638590.0,46464551.0
2017-04-18,8.27,8.23,8.39,8.14,3138947.0,25954251.5
2017-04-19,8.27,8.33,8.4,7.98,6624199.0,53825208.74
2017-04-20,8.21,8.87,8.92,8.21,7282929.0,62223247.0
2017-04-21,8.86,8.87,8.88,8.66,5178304.0,45395755.66
2017-04-24,8.8,8.62,8.86,8.41,4095539.0,35091353.96
2017-04-25,8.63,8.62,8.66,8.41,2521451.0,21587890.42
2017-04-26,8.6,8.85,8.85,8.49,2432343.0,21097828.38
2017-04-27,8.79,8.7,8.79,8.55,3924121.0,33883305.1
2017-04-28,8.6,8.62,8.77,8.54,1816470.0,15731204.5
2017-05-02,8.58,8.55,8.61,8.43,2857229.0,24294369.37
2017-05-03,8.54,8.36,8.56,8.34,2555964.0,21524228.43
2017-05-04,8.45,8.1,8.45,8.0,4198740.0,34646227.56
2017-05-05,8.1,8.17,8.28,8.06,2944465.0,24035357.32
2017-05-08,8.11,8.1,8.24,8.1,1843244.0,15029155.18
2017-05-09,8.1,8.24,8.24,8.03,2779019.0,22609684.36
2017-05-10,8.25,8.23,8.28,8.11,2672470.0,21943625.49
2017-05-11,8.18,7.57,8.21,7.41,14987246.0,113965781.94
2017-05-12,7.56,7.47,7.66,7.41,5281900.0,39741771.02
2017-05-15,7.47,7.47,7.61,7.45,2054118.0,15400374.7
2017-05-16,7.47,7.5,7.57,7.2,4413565.0,32688681.78
2017-05-17,7.5,7.41,7.53,7.4,3217900.0,23991424.0
2017-05-18,7.39,7.26,7.44,7.19,4180343.0,30552140.94
2017-05-19,7.35,7.3,7.36,7.26,4259383.0,31119243.9
2017-05-22,7.3,7.28,7.34,7.16,3653879.0,26547812.29
2017-05-23,7.21,7.26,7.3,7.16,3343862.0,24185470.12
2017-05-24,7.11,7.25,7.26,7.05,4701090.0,33735567.57
2017-05-25,7.15,7.27,7.35,7.08,4842156.0,34762005.66
2017-05-26,7.13,7.26,7.28,7.13,3275776.0,23647591.6
2017-05-31,7.25,7.28,7.42,7.18,6161278.0,44763255.04
2017-06-01,7.26,7.21,7.26,7.1,7658500.0,54939127.0
2017-06-02,7.18,7.14,7.18,7.0,5103088.0,36192276.9
2017-06-05,7.02,7.03,7.17,7.01,2976593.0,21011175.94
2017-06-06,7.04,7.05,7.08,6.96,3035924.0,21366430.72
2017-06-07,7.08,7.18,7.25,7.02,4402449.0,31444801.88
2017-06-08,7.17,7.26,7.39,7.13,5371790.0,39073521.26
2017-06-09,7.26,7.26,7.38,7.2,3546053.0,25818459.85
2017-06-12,7.25,7.19,7.33,7.16,2300323.0,16619221.38
2017-06-13,7.19,7.26,7.32,7.17,2133636.0,15464912.63
2017-06-14,7.17,7.19,7.27,7.15,1659019.0,11942307.42
2017-06-15,7.15,7.28,7.36,7.15,2802301.0,20355262.28
2017-06-16,7.2,7.25,7.32,7.2,2201974.0,16014037.47
2017-06-19,7.21,7.25,7.26,7.21,1537600.0,11127870.0
2017-06-20,7.22,7.28,7.3,7.22,2284923.0,16611717.75
2017-06-21,7.28,7.4,7.45,7.26,3751353.0,27512308.53
2017-06-22,7.4,7.16,7.4,7.15,5039200.0,36662607.7
2017-06-23,7.16,7.13,7.19,7.07,2752167.0,19587279.71
2017-06-26,7.14,7.1,7.18,7.05,3186607.0,22653496.74
2017-06-27,7.11,7.08,7.16,7.05,2298364.0,16326216.79
2017-06-28,7.1,7.05,7.11,7.03,1613151.0,11401972.1
2017-06-29,7.08,7.03,7.09,7.02,3191673.0,22501971.38
2017-06-30,7.02,6.82,7.05,6.81,4943345.0,34157353.41
2017-07-03,6.8,6.76,6.84,6.63,4588339.0,30933825.93
2017-07-04,6.75,7.23,7.43,6.75,11053838.0,78454367.79
2017-07-05,7.18,7.09,7.23,7.03,6243082.0,44275001.7
2017-07-06,7.08,6.93,7.09,6.9,4315460.0,30115877.15
2017-07-07,6.95,6.86,6.99,6.86,3565488.0,24618756.13
2017-07-10,6.85,6.85,6.92,6.82,4701045.0,32309124.47
2017-07-11,6.84,6.73,6.91,6.68,6201544.0,42116875.37
2017-07-12,6.69,6.74,6.79,6.6,3710111.0,24791278.6
2017-07-13,6.76,6.65,6.76,6.62,3015286.0,20101339.1
2017-07-14,6.6,6.61,6.66,6.42,8424203.0,54945265.07
2017-07-17,6.56,6.35,6.59,5.95,8218437.0,51336002.73
2017-07-18,6.26,6.28,6.3,6.12,4898916.0,30501108.37
2017-07-19,6.28,6.25,6.28,6.15,3847009.0,23951177.98
2017-07-20,6.26,6.21,6.32,6.18,2651830.0,16557617.3
2017-07-21,6.22,6.23,6.27,6.17,2432215.0,15150653.16
2017-07-24,6.17,6.2,6.2,6.12,3407945.0,21019653.0
2017-07-25,6.21,6.18,6.22,6.05,3691662.0,22614853.0
2017-07-26,6.14,6.16,6.17,6.05,3148688.0,19241203.34
2017-07-27,6.11,6.21,6.27,6.04,3548920.0,21933496.24
2017-07-28,6.18,6.25,6.31,6.18,3015240.0,18811854.45
2017-07-31,6.2,6.26,6.34,6.2,2879410.0,18059069.37
2017-08-01,6.25,6.29,6.39,6.23,3559632.0,22455500.08
2017-08-02,6.29,6.18,6.34,6.17,2552554.0,15895070.02
2017-08-03,6.2,6.38,6.71,6.12,6558347.0,41826358.14
2017-08-04,6.35,6.27,6.39,6.23,3682984.0,23274905.9
2017-08-07,6.25,6.29,6.34,6.21,2103342.0,13205821.16
2017-08-08,6.28,6.43,6.58,6.25,6883125.0,44004750.92
2017-08-09,6.37,6.37,6.48,6.35,3238700.0,20674556.71
2017-08-10,6.33,6.28,6.41,6.26,4011564.0,25326884.63
2017-08-11,6.26,6.19,6.29,6.16,2757833.0,17152051.05
2017-08-14,6.19,6.26,6.32,6.19,3433122.0,21423145.69
2017-08-15,6.28,6.23,6.29,6.21,1747975.0,10891013.97
2017-08-16,6.23,6.27,6.3,6.21,2974771.0,18624896.02
2017-08-17,6.25,6.29,6.31,6.24,3174099.0,19920668.14
2017-08-18,6.25,6.22,6.29,6.2,2568004.0,16008076.95
2017-08-21,6.23,6.27,6.29,6.21,2440317.0,15270651.68
2017-08-22,6.28,6.23,6.29,6.2,3109259.0,19346130.89
2017-08-23,6.23,6.14,6.24,6.13,2474380.0,15279980.2
2017-08-24,6.14,6.11,6.17,6.08,2395848.0,14675792.36
2017-08-25,6.11,6.13,6.16,6.08,2638793.0,16186167.39
2017-08-28,6.11,6.19,6.26,6.11,3472917.0,21488238.15
2017-08-29,6.17,6.28,6.29,6.17,3287982.0,20508852.81
2017-08-30,6.28,6.25,6.3,6.21,2934505.0,18359735.92
2017-08-31,6.25,6.26,6.28,6.19,2928715.0,18268090.1
2017-09-01,6.27,6.23,6.29,6.22,2490908.0,15562640.45
2017-09-04,6.23,6.2,6.26,6.14,3637558.0,22488169.16
2017-09-05,6.2,6.16,6.21,6.12,3353099.0,20644907.1
2017-09-06,6.13,6.19,6.23,6.12,3163213.0,19496674.4
2017-09-07,6.64,6.81,6.81,6.64,29675299.0,201410140.1
2017-09-08,6.76,6.53,6.76,6.5,27010806.0,178801171.0
2017-09-11,6.48,6.52,6.53,6.38,11354684.0,73318074.11
2017-09-12,6.5,6.59,6.75,6.47,15132593.0,100210699.36
2017-09-13,6.52,6.58,6.65,6.48,7042905.0,46203399.51
2017-09-14,6.58,6.5,6.58,6.48,5044937.0,32823162.34
2017-09-15,6.51,6.41,6.51,6.38,3755321.0,24138426.47
2017-09-18,6.41,6.46,6.48,6.37,4687391.0,30151716.03
2017-09-19,6.46,6.44,6.51,6.39,4007236.0,25847799.52
2017-09-20,6.45,6.52,6.53,6.41,4173873.0,26971251.05
2017-09-21,6.5,6.42,6.52,6.42,3136256.0,20261610.6
2017-09-22,6.42,6.39,6.47,6.39,3762100.0,24152187.0
2017-09-25,6.36,6.17,6.38,6.16,6006100.0,37636136.0
2017-09-26,6.18,6.19,6.24,6.13,3279258.0,20275954.8
2017-09-27,6.23,6.21,6.24,6.17,2095894.0,12996396.79
2017-09-28,6.18,6.15,6.21,6.14,2449661.0,15112317.34
2017-09-29,6.15,6.18,6.2,6.13,1861334.0,11497003.75
2017-10-09,6.24,6.21,6.27,6.19,2749619.0,17087760.67
2017-10-10,6.22,6.24,6.24,6.15,3663544.0,22741816.01
2017-10-11,6.25,6.42,6.58,6.21,10707071.0,68257385.05
2017-10-12,6.38,6.33,6.38,6.26,4473370.0,28222012.72
2017-10-13,6.33,6.31,6.34,6.26,2207094.0,13887071.32
2017-10-16,6.29,6.25,6.36,6.22,2785140.0,17495544.2
2017-10-17,6.24,6.22,6.28,6.2,1795092.0,11186923.39
2017-10-18,6.21,6.23,6.27,6.2,2126100.0,13254916.0
2017-10-19,6.23,6.39,6.43,6.22,8684766.0,55151874.11
2017-10-20,6.38,6.39,6.4,6.32,3930942.0,25007599.28
2017-10-23,6.39,6.39,6.39,6.39,0.0,0.0
2017-10-24,6.39,6.39,6.39,6.39,0.0,0.0
2017-10-25,6.39,6.39,6.39,6.39,0.0,0.0
2017-10-26,6.39,6.39,6.39,6.39,0.0,0.0
2017-10-27,6.39,6.39,6.39,6.39,0.0,0.0
2017-10-30,6.39,6.39,6.39,6.39,0.0,0.0
2017-10-31,6.39,6.39,6.39,6.39,0.0,0.0
2017-11-01,6.39,6.39,6.39,6.39,0.0,0.0
2017-11-02,6.39,6.39,6.39,6.39,0.0,0.0
2017-11-03,6.39,6.39,6.39,6.39,0.0,0.0
2017-11-06,6.39,6.39,6.39,6.39,0.0,0.0
2017-11-07,6.39,6.39,6.39,6.39,0.0,0.0
2017-11-08,6.39,6.39,6.39,6.39,0.0,0.0
2017-11-09,6.39,6.39,6.39,6.39,0.0,0.0
2017-11-10,6.39,6.39,6.39,6.39,0.0,0.0
2017-11-13,6.39,6.39,6.39,6.39,0.0,0.0
2017-11-14,6.39,6.39,6.39,6.39,0.0,0.0
2017-11-15,6.39,6.39,6.39,6.39,0.0,0.0
2017-11-16,6.39,6.39,6.39,6.39,0.0,0.0
2017-11-17,6.39,6.39,6.39,6.39,0.0,0.0
2017-11-20,6.0,5.75,6.12,5.75,14850475.0,86156544.04
2017-11-21,5.69,5.37,5.69,5.3,12692051.0,68526070.6
2017-11-22,5.37,5.2,5.37,5.19,7415182.0,38958063.21
2017-11-23,5.17,5.18,5.32,5.09,5508840.0,28624006.33
2017-11-24,5.06,5.16,5.2,5.06,4384847.0,22523816.56
2017-11-27,5.16,4.91,5.17,4.91,4417300.0,22280640.0
2017-11-28,4.88,4.9,4.94,4.78,4033190.0,19605455.68
2017-11-29,4.9,4.88,4.92,4.83,3080200.0,15013830.0
2017-11-30,4.88,4.91,4.96,4.85,2757400.0,13556068.32
2017-12-01,4.92,5.04,5.39,4.88,6191172.0,31941320.51
2017-12-04,5.0,5.12,5.19,4.95,4362128.0,22144460.39
2017-12-05,5.09,4.65,5.14,4.65,6483520.0,31444610.88
2017-12-06,4.65,4.65,4.74,4.46,8351236.0,38357934.64
2017-12-07,4.61,4.6,4.63,4.53,5357967.0,24458546.6
2017-12-08,4.58,4.6,4.62,4.54,4994089.0,22952647.51
2017-12-11,4.62,4.64,4.72,4.58,3237910.0,15055070.9
2017-12-12,4.66,4.51,4.68,4.5,3712600.0,16952985.0
2017-12-13,4.52,4.57,4.58,4.5,2021640.0,9194872.8
2017-12-14,4.59,4.59,4.61,4.53,1971513.0,9003788.53
2017-12-15,4.58,4.6,4.62,4.54,2502813.0,11489621.15
2017-12-18,4.57,4.56,4.61,4.53,3090952.0,14064734.69
2017-12-19,4.56,4.6,4.61,4.53,2147141.0,9855283.99
2017-12-20,4.63,4.5,4.63,4.44,3244750.0,14664324.17
2017-12-21,4.5,4.44,4.53,4.36,2824883.0,12547836.53
2017-12-22,4.47,4.37,4.47,4.35,3112414.0,13652671.91
2017-12-25,4.34,4.3,4.38,4.05,5235154.0,22251067.65
2017-12-26,4.28,4.28,4.31,4.22,3148838.0,13451792.11
2017-12-27,4.29,4.3,4.37,4.25,5272121.0,22847565.07
2017-12-28,4.27,4.28,4.32,4.26,3890778.0,16664687.03
2017-12-29,4.28,4.3,4.31,4.25,1975055.0,8443714.04
2018-01-02,4.31,4.37,4.38,4.22,3857982.0,16657066.01
2018-01-03,4.38,4.42,4.44,4.32,4101490.0,17972357.57
2018-01-04,4.45,4.41,4.45,4.38,3818901.0,16865626.39
2018-01-05,4.42,4.42,4.44,4.39,2592027.0,11441443.11
2018-01-08,4.44,4.36,4.44,4.31,3317000.0,14425833.0
2018-01-09,4.37,4.3,4.37,4.27,3848380.0,16547001.4
2018-01-10,4.3,4.18,4.3,4.13,4307386.0,18063067.56
2018-01-11,4.19,4.39,4.48,4.14,8720020.0,37815571.48
2018-01-12,4.35,4.34,4.42,4.31,4758556.0,20751984.72
2018-01-15,4.32,4.3,4.35,4.12,5709719.0,23899117.12
2018-01-16,4.27,4.22,4.27,4.18,3493184.0,14747679.39
2018-01-17,4.23,4.16,4.24,4.12,3638430.0,15178652.7
2018-01-18,4.15,4.16,4.2,4.13,3411090.0,14177461.9
2018-01-19,4.17,4.3,4.49,4.16,9887594.0,42497932.53
2018-01-22,4.26,4.21,4.26,4.12,5363777.0,22488584.37
2018-01-23,4.21,4.21,4.25,4.17,2745108.0,11558384.53
2018-01-24,4.22,4.24,4.28,4.17,4169432.0,17615888.29
2018-01-25,4.23,4.3,4.38,4.21,6765524.0,29023521.14
2018-01-26,4.35,4.19,4.35,4.17,5467534.0,23126581.94
2018-01-29,4.18,4.1,4.2,4.07,6057097.0,25095424.58
2018-01-30,4.1,4.12,4.17,4.07,2886307.0,11888433.77
2018-01-31,4.08,3.93,4.09,3.71,14882119.0,56705867.42
2018-02-01,3.9,3.89,3.92,3.81,8141027.0,31400744.63
2018-02-02,3.81,4.09,4.09,3.71,14371540.0,56489231.1
2018-02-05,3.9,3.95,3.95,3.75,9946150.0,38168743.6
2018-02-06,3.82,3.66,3.85,3.65,5982971.0,22467039.64
2018-02-07,3.74,3.67,3.74,3.61,11314984.0,41772399.43
2018-02-08,3.7,3.71,3.77,3.66,2756993.0,10253256.89
2018-02-09,3.67,3.49,3.67,3.42,4796344.0,16918340.12
2018-02-12,3.5,3.54,3.6,3.46,2938700.0,10431239.0
2018-02-13,3.59,3.54,3.61,3.49,2237940.0,7977997.8
2018-02-14,3.57,3.56,3.58,3.5,1856000.0,6559110.0
2018-02-22,3.58,3.61,3.62,3.57,1956272.0,7035535.4
2018-02-23,3.6,3.79,3.9,3.58,5797369.0,21194959.26
2018-02-26,3.72,3.79,3.86,3.65,7653200.0,28821641.34
2018-02-27,3.77,3.75,3.79,3.72,3892914.0,14623809.08
2018-02-28,3.74,3.96,3.98,3.68,12526345.0,48636739.4
2018-03-01,3.9,3.97,4.11,3.89,14809123.0,58721847.7
2018-03-02,3.98,3.96,4.0,3.93,2951721.0,11672249.34
2018-03-05,3.97,3.98,4.0,3.93,2642061.0,10471215.12
2018-03-06,3.99,3.95,4.01,3.93,5930251.0,23531294.26
2018-03-07,4.0,3.96,4.01,3.91,5392000.0,21343252.78
2018-03-08,3.87,3.88,3.95,3.81,5339436.0,20630907.66
2018-03-09,3.9,3.94,3.97,3.85,5005272.0,19564522.66
2018-03-12,3.91,4.0,4.08,3.91,8417268.0,33643092.94
2018-03-13,4.0,4.01,4.11,3.95,12315787.0,49614587.03
2018-03-14,4.01,4.03,4.1,3.99,8379159.0,33706284.64
2018-03-15,4.04,4.0,4.05,3.91,6641982.0,26332076.26
2018-03-16,3.99,4.08,4.28,3.94,17069655.0,69795322.2
2018-03-19,4.09,4.04,4.09,4.0,7564774.0,30552774.29
2018-03-20,3.99,3.97,4.04,3.93,6891013.0,27342695.45
2018-03-21,4.0,3.94,4.05,3.92,6998293.0,27964372.89
2018-03-22,3.95,3.94,3.99,3.91,4781615.0,18857568.95
2018-03-23,3.92,3.69,3.92,3.64,9306140.0,34945629.02
2018-03-26,3.5,3.68,3.7,3.49,3880619.0,14032998.12
2018-03-27,3.8,3.76,3.8,3.72,3782615.0,14244321.59
2018-03-28,3.7,3.71,3.76,3.68,2544540.0,9480825.1
2018-03-29,3.69,3.73,3.78,3.68,2705215.0,10092408.3
2018-03-30,3.73,3.77,3.83,3.73,3345661.0,12584091.43
2018-04-02,3.77,3.89,3.92,3.71,6810625.0,26170542.56
2018-04-03,3.83,3.91,3.94,3.81,5167223.0,20060779.09
2018-04-04,3.92,3.84,3.96,3.81,3907900.0,15122373.39
2018-04-09,3.86,3.98,4.0,3.85,11458353.0,45369061.18
2018-04-10,3.94,3.92,3.98,3.88,5100990.0,20030780.0
2018-04-11,3.92,3.92,3.93,3.86,4200143.0,16384848.27
2018-04-12,3.88,3.85,3.93,3.83,5407598.0,21027186.2
2018-04-13,3.85,3.78,3.91,3.78,3364880.0,12871750.2
2018-04-16,3.77,3.79,3.85,3.72,3663179.0,13836503.41
2018-04-17,3.79,3.79,3.83,3.76,3433964.0,13010790.69
2018-04-18,3.8,3.85,3.86,3.72,5039768.0,19101657.68
2018-04-19,3.86,3.85,3.95,3.81,6534260.0,25361264.94
2018-04-20,3.85,3.85,3.88,3.81,3563505.0,13715133.1
2018-04-23,3.85,3.92,3.92,3.82,4266539.0,16505562.57
2018-04-24,4.05,4.15,4.31,4.0,25637410.0,107080471.84
2018-04-25,4.0,4.01,4.07,3.95,15072325.0,60373039.95
2018-04-26,3.99,3.85,3.99,3.74,6569680.0,25526831.2
2018-04-27,3.86,3.86,3.93,3.8,2878228.0,11086209.0
2018-05-02,3.86,3.95,3.96,3.85,4822906.0,18853030.78
2018-05-03,3.93,3.93,3.94,3.86,3227910.0,12601023.8
2018-05-04,3.96,3.94,3.97,3.93,2977998.0,11745406.12
2018-05-07,3.93,3.96,3.98,3.93,3346208.0,13235491.72
2018-05-08,3.96,3.9,3.97,3.89,3867497.0,15167570.28
2018-05-09,3.91,3.89,3.93,3.86,2785512.0,10826293.68
2018-05-10,3.9,4.09,4.2,3.83,22455272.0,90252166.83
2018-05-11,4.08,4.01,4.09,3.99,8550640.0,34503950.48
2018-05-14,4.05,4.09,4.19,3.99,10960003.0,44792677.0
2018-05-15,4.06,4.08,4.1,4.0,6386710.0,25851300.1
2018-05-16,4.08,4.0,4.08,4.0,5843972.0,23587167.16
2018-05-17,3.98,4.0,4.07,3.92,6674402.0,26745045.12
2018-05-18,3.98,4.01,4.06,3.94,6740133.0,26991923.67
2018-05-21,4.04,4.02,4.05,3.97,4405032.0,17696312.32
2018-05-22,4.0,4.03,4.03,3.98,2955320.0,11836251.2
2018-05-23,4.0,4.02,4.15,3.96,7266497.0,29333128.47
2018-05-24,4.01,4.02,4.02,3.97,3550700.0,14171947.0
2018-05-25,4.01,3.96,4.02,3.96,2463800.0,9806743.0
2018-05-28,3.96,3.96,3.99,3.8,4902997.0,19169462.39
2018-05-29,3.93,3.96,4.05,3.91,5611184.0,22363072.46
2018-05-30,3.94,3.93,3.97,3.84,5348030.0,20899256.0
2018-05-31,3.93,4.04,4.04,3.89,18390142.0,73299601.0
2018-06-01,4.04,4.05,4.25,4.0,18577896.0,76521705.35
2018-06-04,4.02,4.07,4.14,3.96,10491620.0,42562357.58
2018-06-05,4.06,4.06,4.1,4.03,6079906.0,24668189.24
2018-06-06,4.01,4.0,4.06,3.95,7956911.0,31790015.13
2018-06-07,4.01,3.98,4.01,3.94,5962627.0,23657447.65
2018-06-08,3.95,3.94,3.96,3.91,4255600.0,16731693.0
2018-06-11,3.94,3.93,3.94,3.9,2772400.0,10865182.0
2018-06-12,3.94,3.93,3.96,3.9,3584200.0,14044472.12
2018-06-13,3.91,3.86,3.94,3.85,4827701.0,18740623.86
2018-06-14,3.86,3.84,3.91,3.77,4369100.0,16881351.3
2018-06-15,3.88,3.85,3.88,3.79,5801630.0,22118759.7
2018-06-19,3.8,3.47,3.83,3.47,8346798.0,30895661.89
2018-06-20,3.12,3.12,3.12,3.12,2632500.0,8213400.0
2018-06-21,2.81,2.81,2.81,2.81,1845900.0,5186979.0
2018-06-22,2.53,2.64,2.78,2.53,37315715.0,95867365.23
2018-06-25,2.56,2.5,2.57,2.46,18205300.0,45795198.5
2018-06-26,2.47,2.65,2.75,2.46,27441206.0,72946725.86
2018-06-27,2.6,2.56,2.64,2.55,15284418.0,39671516.57
2018-06-28,2.52,2.52,2.66,2.52,12040901.0,30952646.52
2018-06-29,2.54,2.58,2.6,2.52,12115537.0,31150479.63
2018-07-02,2.6,2.64,2.73,2.57,18961980.0,50016307.44
2018-07-03,2.64,2.64,2.65,2.56,12504737.0,32579741.48
2018-07-04,2.6,2.56,2.62,2.53,7812935.0,20104954.6
2018-07-05,2.55,2.5,2.57,2.49,5922500.0,14988071.0
2018-07-06,2.51,2.46,2.52,2.37,9822068.0,24089921.94
2018-07-09,2.45,2.53,2.59,2.42,15126468.0,38029413.0
2018-07-10,2.52,2.52,2.54,2.48,8684800.0,21813652.0
2018-07-11,2.49,2.4,2.49,2.32,7656500.0,18568673.0
2018-07-12,2.4,2.5,2.51,2.39,8678447.0,21440187.56
2018-07-13,2.5,2.5,2.51,2.47,7661640.0,19114476.0
2018-07-16,2.48,2.5,2.51,2.42,8103671.0,20076988.08
2018-07-17,2.49,2.51,2.53,2.47,8686500.0,21729719.0
2018-07-18,2.51,2.55,2.58,2.51,12166000.0,30886198.66
2018-07-19,2.54,2.46,2.55,2.43,9246708.0,23013117.22
2018-07-20,2.44,2.49,2.51,2.42,6675777.0,16531110.65
2018-07-23,2.49,2.52,2.53,2.46,8382286.0,20956582.6
2018-07-24,2.5,2.6,2.64,2.5,16573445.0,42579252.93
2018-07-25,2.6,2.86,2.86,2.57,29496993.0,82371210.19
2018-07-26,3.04,3.15,3.15,2.97,24629586.0,75577250.9
2018-07-27,3.47,3.28,3.47,3.11,82350774.0,274471129.99
2018-07-30,3.05,2.95,3.14,2.95,49158700.0,146769619.7
2018-07-31,2.92,2.79,2.93,2.76,34612134.0,97251562.18
2018-08-01,2.85,2.75,2.86,2.74,18809734.0,52353667.5
2018-08-02,2.72,2.63,2.74,2.55,21404010.0,56566207.04
2018-08-03,2.64,2.89,2.89,2.64,38992834.0,109014848.5
2018-08-06,2.88,2.75,2.88,2.73,27040201.0,75551874.13
2018-08-07,2.75,2.78,2.82,2.67,20249281.0,55765909.35
2018-08-08,2.75,2.71,2.82,2.71,15903900.0,43980973.0
2018-08-09,2.69,2.78,2.79,2.65,14868480.0,40806798.6
2018-08-10,2.76,2.81,2.86,2.74,15164380.0,42465244.2
2018-08-13,2.73,2.76,2.77,2.68,10842101.0,29601726.73
2018-08-14,2.74,2.79,2.81,2.72,11395188.0,31583162.44
2018-08-15,2.77,2.84,2.98,2.76,26478428.0,75893950.84
2018-08-16,2.74,2.77,2.82,2.65,14310700.0,39213121.8
2018-08-17,2.79,2.66,2.82,2.64,11434200.0,31142586.0
2018-08-20,2.61,2.64,2.66,2.56,8755698.0,22903123.03
2018-08-21,2.65,2.7,2.71,2.62,9003814.0,24161549.12
2018-08-22,2.68,2.6,2.7,2.6,8836501.0,23386697.86
2018-08-23,2.59,2.68,2.7,2.58,8479809.0,22367829.43
2018-08-24,2.66,2.63,2.68,2.63,7533900.0,19965388.0
2018-08-27,2.63,2.68,2.69,2.63,8267442.0,22036725.14
2018-08-28,2.67,2.95,2.95,2.67,20161632.0,58388975.13
2018-08-29,2.97,2.89,3.15,2.86,51337477.0,154460073.97
2018-08-30,2.85,2.88,2.95,2.83,21005730.0,60620022.0
2018-08-31,2.87,2.78,2.88,2.78,14984131.0,42236979.67
2018-09-03,2.78,2.85,2.87,2.78,13594984.0,38408078.36
2018-09-04,2.82,2.93,3.03,2.81,27011942.0,78670543.66
2018-09-05,2.89,2.92,2.95,2.86,18681907.0,54222184.86
2018-09-06,2.91,2.82,2.92,2.78,13214810.0,37701206.0
2018-09-07,2.85,2.96,2.98,2.8,24016618.0,69842878.42
2018-09-10,2.95,2.91,3.07,2.89,18360703.0,54274145.46
2018-09-11,2.89,2.97,3.07,2.85,18535080.0,54579763.8
2018-09-12,2.94,2.9,2.99,2.89,12621537.0,37052231.3
2018-09-13,2.91,2.91,2.94,2.85,11427800.0,33019121.0
2018-09-14,2.89,2.82,2.91,2.8,9747210.0,27835947.1
2018-09-17,2.8,2.84,2.88,2.75,9764633.0,27443231.67
2018-09-18,2.83,2.89,2.89,2.8,9800107.0,28015952.09
2018-09-19,2.87,3.05,3.12,2.87,32517360.0,98048785.24
2018-09-20,3.02,3.03,3.09,2.99,14224633.0,43181838.33
2018-09-21,3.06,3.04,3.07,3.01,11772271.0,35727785.53
2018-09-25,3.01,3.06,3.13,2.99,12693460.0,38958180.0
2018-09-26,3.05,3.03,3.11,3.02,11648760.0,35621675.7
2018-09-27,3.07,3.01,3.07,3.01,8395570.0,25444957.4
2018-09-28,2.99,3.03,3.04,2.97,7893368.0,23703095.49
2018-10-08,2.97,2.92,2.98,2.89,8249425.0,24236543.3
2018-10-09,2.92,2.94,2.96,2.92,4289193.0,12610497.49
2018-10-10,2.95,3.05,3.07,2.93,11784900.0,35540341.0
2018-10-11,2.99,2.79,3.02,2.75,14871974.0,42778378.86
2018-10-12,2.76,2.75,2.85,2.56,8032870.0,21842882.1
2018-10-15,2.75,2.66,2.8,2.64,6306300.0,17024293.4
2018-10-16,2.66,2.58,2.68,2.56,5110891.0,13407296.78
2018-10-17,2.6,2.62,2.65,2.51,5952591.0,15421535.51
2018-10-18,2.6,2.47,2.6,2.45,4973862.0,12523093.62
2018-10-19,2.41,2.5,2.51,2.39,5290592.0,13026355.84
2018-10-22,2.57,2.75,2.75,2.54,16050182.0,43643141.58
2018-10-23,2.75,2.7,2.88,2.69,20296758.0,56428647.87
2018-10-24,2.65,2.74,2.77,2.65,13022402.0,35489377.6
2018-10-25,2.63,2.81,2.88,2.6,18345144.0,50782572.67
2018-10-26,2.77,2.75,2.81,2.7,13898399.0,38255457.18
2018-10-29,2.76,2.67,2.77,2.66,9530462.0,25808201.54
2018-10-30,2.67,2.72,2.77,2.61,10993801.0,29733217.45
2018-10-31,2.71,2.83,2.83,2.71,16545642.0,46079509.4
2018-11-01,2.83,2.79,2.84,2.75,11421098.0,31958481.42
2018-11-02,2.82,2.84,2.87,2.78,14329121.0,40564943.87
2018-11-05,2.86,2.95,3.02,2.84,21638123.0,63186739.19
2018-11-06,2.93,2.87,2.93,2.81,13560900.0,38711785.0
2018-11-07,2.87,2.86,2.91,2.83,10831347.0,30983596.48
2018-11-08,2.86,2.96,3.15,2.85,34677968.0,104543379.94
2018-11-09,2.88,2.92,2.94,2.82,19450689.0,56188342.64
2018-11-12,2.88,3.13,3.15,2.86,33757859.0,103807566.4
2018-11-13,3.1,3.26,3.38,3.06,41587322.0,134565717.77
2018-11-14,3.22,3.17,3.36,3.15,28980114.0,93982592.23
2018-11-15,3.17,3.19,3.21,3.13,18140759.0,57419280.1
2018-11-16,3.16,3.16,3.23,3.14,17280926.0,55025658.91
2018-11-19,3.13,3.17,3.25,3.12,16509070.0,52384167.4
2018-11-20,3.14,2.98,3.16,2.96,20138300.0,61647745.0
2018-11-21,2.99,3.28,3.28,2.96,31894299.0,100778962.4
2018-11-22,3.37,3.19,3.54,3.16,51289177.0,172092354.69
2018-11-23,3.25,3.42,3.51,3.1,53324220.0,177468336.69
2018-11-26,3.36,3.14,3.42,3.09,44169669.0,142781908.21
2018-11-27,3.15,3.24,3.35,3.09,32132992.0,103141755.57
2018-11-28,3.18,3.18,3.19,3.01,23455807.0,73147894.52
2018-11-29,3.18,3.18,3.18,3.18,0.0,0.0
2018-11-30,3.18,3.18,3.18,3.18,0.0,0.0
2018-12-03,3.18,3.18,3.18,3.18,0.0,0.0
2018-12-04,3.18,3.18,3.18,3.18,0.0,0.0
2018-12-05,3.18,3.18,3.18,3.18,0.0,0.0
2018-12-06,3.1,3.04,3.15,3.0,22075285.0,67572546.01
2018-12-07,3.06,2.97,3.07,2.95,15996547.0,47847808.95
2018-12-10,2.94,3.0,3.05,2.9,11687570.0,34839790.93
2018-12-11,2.99,3.03,3.06,2.97,9465823.0,28654851.26
2018-12-12,3.03,3.01,3.07,3.0,9247770.0,28101921.7
2018-12-13,3.02,3.0,3.06,2.99,9450630.0,28575604.35
2018-12-14,2.99,2.93,3.04,2.86,12073136.0,35635199.72
2018-12-17,2.91,3.09,3.12,2.9,21094036.0,64251817.28
2018-12-18,3.07,3.13,3.16,3.04,14480009.0,45040655.3
2018-12-19,3.13,3.14,3.22,3.1,16038963.0,50934448.23
2018-12-20,3.16,3.11,3.21,3.05,11124612.0,34627071.28
2018-12-21,3.1,3.06,3.11,3.04,6458000.0,19835209.0
2018-12-24,3.05,3.17,3.17,3.04,8375820.0,26257163.4
2018-12-25,3.17,3.14,3.17,3.01,9888378.0,30622985.09
2018-12-26,3.13,3.05,3.15,3.04,8076562.0,24856636.56
2018-12-27,3.1,2.97,3.1,2.96,6855000.0,20819960.0
2018-12-28,3.0,3.02,3.06,2.99,6012122.0,18167997.78
2019-01-02,2.81,2.72,2.95,2.72,22664851.0,62806176.72
2019-01-03,2.65,2.75,2.78,2.58,10565880.0,28591565.49
2019-01-04,2.7,2.85,2.88,2.68,11431682.0,32014551.12
2019-01-07,2.86,3.03,3.05,2.86,13351664.0,39651812.41
2019-01-08,3.07,3.0,3.08,2.96,8964407.0,27020714.98
2019-01-09,3.04,2.99,3.1,2.97,9130514.0,27751362.26
2019-01-10,2.98,2.99,3.02,2.96,5508600.0,16498163.71
2019-01-11,2.96,2.98,3.01,2.94,6308400.0,18764469.0
2019-01-14,2.98,3.07,3.14,2.97,13079604.0,40032177.46
2019-01-15,3.05,3.06,3.07,3.0,6832927.0,20728830.78
2019-01-16,3.06,3.03,3.09,3.02,5393100.0,16427358.0
2019-01-17,3.02,2.99,3.04,2.93,5751311.0,17131877.68
2019-01-18,2.98,3.07,3.18,2.95,15853581.0,49159194.09
2019-01-21,3.01,3.0,3.05,2.88,12145515.0,35925789.67
2019-01-22,2.96,2.96,3.01,2.94,5245101.0,15587154.96
2019-01-23,2.93,2.95,2.96,2.91,4458200.0,13090213.0
2019-01-24,2.95,2.98,2.98,2.92,4985086.0,14711099.6
2019-01-25,2.98,2.85,2.98,2.83,10397200.0,30197600.98
2019-01-28,2.89,2.79,2.9,2.77,13940600.0,39356551.0
2019-01-29,2.8,2.8,2.83,2.72,9017876.0,25073688.28
2019-01-30,2.79,2.69,2.81,2.65,6126004.0,16786907.04
2019-01-31,2.55,2.52,2.62,2.47,9962224.0,25256753.07
2019-02-01,2.52,2.68,2.77,2.47,13435800.0,35046035.8
2019-02-11,2.62,2.72,2.8,2.62,9582631.0,26161352.35
2019-02-12,2.73,2.74,2.77,2.69,8433607.0,23041820.97
2019-02-13,2.74,2.8,2.82,2.72,8105309.0,22494794.99
2019-02-14,2.8,2.79,2.82,2.77,5415071.0,15122499.75
2019-02-15,2.79,2.81,2.85,2.78,6542131.0,18424182.06
2019-02-18,2.81,2.91,2.92,2.81,9321846.0,26777150.55
2019-02-19,2.94,2.9,2.97,2.86,9430390.0,27388518.3
2019-02-20,2.92,2.93,2.94,2.88,10098232.0,29405900.08
2019-02-21,2.92,2.9,2.95,2.88,11276782.0,32926215.5
2019-02-22,2.88,2.95,2.98,2.84,13581802.0,39529070.38
2019-02-25,2.95,3.08,3.08,2.92,29879912.0,90077459.24
2019-02-26,3.07,3.07,3.2,3.01,29672808.0,91844157.62
2019-02-27,3.05,3.38,3.38,3.03,45033456.0,143435979.7
2019-02-28,3.38,3.28,3.47,3.21,45578718.0,150572898.88
2019-03-01,3.22,3.2,3.25,3.12,24550630.0,77936489.93
2019-03-04,3.19,3.22,3.34,3.16,29792887.0,96648151.6
2019-03-05,3.26,3.32,3.38,3.22,28202690.0,93101781.95
2019-03-06,3.3,3.65,3.65,3.28,27769598.0,96742278.71
2019-03-07,3.9,3.71,3.9,3.67,56891789.0,213563775.34
2019-03-08,3.64,3.42,3.65,3.4,34941572.0,123502478.68
2019-03-11,3.41,3.55,3.58,3.41,24346662.0,85047061.06
2019-03-12,3.53,3.58,3.65,3.5,21499596.0,77094551.99
2019-03-13,3.57,3.62,3.79,3.53,24342094.0,88971287.22
2019-03-14,3.61,3.41,3.62,3.32,17951407.0,61714079.48
2019-03-15,3.38,3.47,3.51,3.38,10529946.0,36265437.95
2019-03-18,3.42,3.54,3.63,3.38,23390222.0,82276253.33
2019-03-19,3.53,3.47,3.63,3.45,13187605.0,46310581.9
2019-03-20,3.5,3.47,3.52,3.37,14978918.0,51790122.91
2019-03-21,3.49,3.52,3.62,3.45,17579699.0,62346945.75
2019-03-22,3.54,3.6,3.77,3.51,35143094.0,127783701.62
2019-03-25,3.5,3.49,3.6,3.43,19879634.0,70132486.07
2019-03-26,3.48,3.3,3.56,3.28,23092609.0,78495781.42
2019-03-27,3.33,3.23,3.41,3.17,15987034.0,52358206.65
2019-03-28,3.2,3.16,3.28,3.12,14297230.0,45714479.93
2019-03-29,3.16,3.23,3.24,3.12,12034671.0,38437341.52
2019-04-01,3.22,3.31,3.34,3.2,17764998.0,58387846.09
2019-04-02,3.31,3.33,3.42,3.3,20245334.0,67895234.54
2019-04-03,3.36,3.38,3.4,3.31,17542590.0,58812002.78
2019-04-04,3.34,3.39,3.42,3.32,19821143.0,66889521.11
2019-04-08,3.4,3.25,3.41,3.22,18723733.0,61977772.92
2019-04-09,3.23,3.37,3.37,3.23,17286596.0,57622610.17
2019-04-10,3.38,3.33,3.38,3.27,14547118.0,48382959.54
2019-04-11,3.33,3.37,3.42,3.31,16969625.0,57105900.94
2019-04-12,3.34,3.3,3.37,3.27,11880900.0,39488229.0
2019-04-15,3.33,3.38,3.39,3.3,15399229.0,51585387.92
2019-04-16,3.37,3.34,3.37,3.25,21744474.0,71945111.96
2019-04-17,3.32,3.35,3.38,3.29,16456716.0,54890845.46
2019-04-18,3.32,3.29,3.37,3.27,14357385.0,47644156.37
2019-04-19,3.33,3.47,3.62,3.31,48975015.0,170767385.11
2019-04-22,3.48,3.64,3.82,3.41,57556518.0,209669171.94
2019-04-23,3.28,3.28,3.46,3.28,49054144.0,163257221.05
2019-04-24,3.17,3.17,3.21,2.96,31331661.0,96678967.87
2019-04-25,3.1,2.95,3.19,2.95,21589100.0,66289798.58
2019-04-26,2.93,2.78,2.93,2.77,21356683.0,60296392.04
2019-04-29,2.78,2.78,2.78,2.78,0.0,0.0
2019-04-30,2.64,2.64,2.64,2.64,731200.0,1930368.0
2019-05-06,2.51,2.51,2.51,2.51,503500.0,1263785.0
2019-05-07,2.38,2.38,2.38,2.38,541200.0,1288056.0
2019-05-08,2.26,2.37,2.49,2.26,35715070.0,82980924.25
2019-05-09,2.29,2.25,2.29,2.25,17988177.0,40584118.25
2019-05-10,2.25,2.24,2.3,2.14,21467743.0,48101175.0
2019-05-13,2.2,2.13,2.22,2.13,15874870.0,34222580.14
2019-05-14,2.06,2.08,2.12,2.06,9845667.0,20551365.56
2019-05-15,2.1,2.13,2.14,2.08,7517593.0,15899514.96
2019-05-16,2.13,2.22,2.24,2.12,12456830.0,27179702.35
2019-05-17,2.19,2.11,2.21,2.11,12443893.0,26717104.23
2019-05-20,2.06,2.0,2.08,2.0,10392100.0,20871514.6
2019-05-21,1.95,1.9,1.98,1.9,15418468.0,29692123.16
2019-05-22,1.87,1.89,1.93,1.84,10348015.0,19494714.09
2019-05-23,1.87,1.8,1.88,1.8,11483001.0,20878534.8
2019-05-24,1.74,1.71,1.78,1.71,14432062.0,24862830.62
2019-05-27,1.7,1.73,1.76,1.66,13256105.0,22572498.45
2019-05-28,1.72,1.82,1.82,1.71,16683918.0,30116048.78
2019-05-29,1.8,1.77,1.8,1.75,12581429.0,22295583.54
2019-05-30,1.78,1.74,1.78,1.72,5334000.0,9251602.96
2019-05-31,1.77,1.77,1.78,1.73,5262962.0,9289007.08
2019-06-03,1.76,1.71,1.78,1.69,7702879.0,13298370.89
2019-06-04,1.69,1.68,1.7,1.66,4836600.0,8154000.0
2019-06-05,1.69,1.7,1.71,1.68,4464222.0,7572174.18
2019-06-06,1.69,1.63,1.69,1.62,7083600.0,11623560.0
2019-06-10,1.62,1.61,1.65,1.57,4335801.0,7013561.6
2019-06-11,1.6,1.67,1.68,1.59,6086351.0,10056858.29
2019-06-12,1.67,1.7,1.72,1.66,4489173.0,7611825.34
2019-06-13,1.7,1.79,1.79,1.7,8947049.0,15824927.39
2019-06-14,1.81,1.7,1.81,1.7,10155283.0,17661078.31
2019-06-17,1.66,1.63,1.69,1.62,9373975.0,15315365.6
2019-06-18,1.63,1.64,1.65,1.61,3547464.0,5785397.03
2019-06-19,1.67,1.63,1.68,1.62,5094190.0,8400879.5
2019-06-20,1.63,1.61,1.63,1.59,8207453.0,13196250.56
2019-06-21,1.69,1.69,1.69,1.67,10812971.0,18262300.99
2019-06-24,1.71,1.68,1.73,1.67,8469111.0,14371427.8
2019-06-25,1.68,1.71,1.73,1.67,7356081.0,12476828.9
2019-06-26,1.71,1.75,1.77,1.69,13054192.0,22634227.89
2019-06-27,1.75,1.74,1.76,1.71,9164853.0,15896716.66
2019-06-28,1.74,1.72,1.74,1.7,6896703.0,11836153.3
2019-07-01,1.73,1.74,1.75,1.71,9095614.0,15739321.2
2019-07-02,1.73,1.79,1.82,1.72,14022010.0,24998017.8
2019-07-03,1.79,1.75,1.8,1.74,6810340.0,11980357.6
2019-07-04,1.76,1.74,1.77,1.71,5843940.0,10143751.3
2019-07-05,1.72,1.74,1.74,1.72,3896772.0,6734016.56
2019-07-08,1.72,1.66,1.72,1.65,10104982.0,16761708.3
2019-07-09,1.64,1.66,1.66,1.62,2283300.0,3758358.0
2019-07-10,1.66,1.66,1.67,1.64,2505601.0,4152515.65
2019-07-11,1.65,1.65,1.67,1.64,4324400.0,7153081.0
2019-07-12,1.64,1.64,1.64,1.6,3322120.0,5399508.4
2019-07-15,1.62,1.63,1.64,1.6,2579900.0,4181955.0
2019-07-16,1.62,1.65,1.66,1.62,2843138.0,4686420.32
2019-07-17,1.68,1.69,1.72,1.66,6931402.0,11775386.1
2019-07-18,1.68,1.66,1.7,1.65,2894000.0,4836489.23
2019-07-19,1.68,1.68,1.69,1.66,2355107.0,3948295.69
2019-07-22,1.66,1.63,1.67,1.61,3532300.0,5772459.0
2019-07-23,1.63,1.64,1.64,1.61,2706352.0,4409563.24
2019-07-24,1.64,1.65,1.67,1.63,3961083.0,6543253.95
2019-07-25,1.65,1.68,1.71,1.64,4172713.0,7014798.81
2019-07-26,1.68,1.7,1.7,1.66,3202185.0,5383449.28
2019-07-29,1.69,1.67,1.7,1.66,2242472.0,3763408.68
2019-07-30,1.67,1.67,1.7,1.66,2458535.0,4127142.75
2019-07-31,1.67,1.66,1.67,1.65,2677178.0,4437174.0
2019-08-01,1.64,1.65,1.67,1.64,2266100.0,3744963.0
2019-08-02,1.62,1.65,1.66,1.61,3004488.0,4925122.62
2019-08-05,1.64,1.67,1.69,1.63,5202889.0,8666995.86
2019-08-06,1.66,1.69,1.7,1.63,5871724.0,9767052.38
2019-08-07,1.68,1.76,1.77,1.67,10187811.0,17710162.9
2019-08-08,1.74,1.75,1.78,1.72,6093548.0,10670233.72
2019-08-09,1.75,1.82,1.84,1.73,12704854.0,23065817.26
2019-08-12,1.79,1.88,1.88,1.79,9821869.0,18065761.79
2019-08-13,1.87,1.84,1.95,1.84,13281134.0,25125999.96
2019-08-14,1.84,1.79,1.89,1.79,10151324.0,18604755.25
2019-08-15,1.73,1.81,1.82,1.71,7962500.0,14057335.55
2019-08-16,1.79,1.77,1.84,1.77,5733730.0,10351730.7
2019-08-19,1.77,1.79,1.8,1.77,4741903.0,8440602.33
2019-08-20,1.79,1.82,1.84,1.78,4652498.0,8442282.38
2019-08-21,1.82,1.81,1.83,1.8,3382210.0,6136427.12
2019-08-22,1.81,1.79,1.82,1.77,3710811.0,6647135.77
2019-08-23,1.78,1.73,1.78,1.71,7615201.0,13259382.67
2019-08-26,1.69,1.68,1.7,1.66,5208732.0,8730113.43
2019-08-27,1.69,1.71,1.72,1.68,3538579.0,6034342.3
2019-08-28,1.69,1.7,1.72,1.68,3341023.0,5676305.31
2019-08-29,1.7,1.69,1.7,1.68,2983024.0,5042415.26
2019-08-30,1.68,1.67,1.7,1.65,3533200.0,5918261.94
2019-09-02,1.67,1.69,1.69,1.66,3217205.0,5391285.35
2019-09-03,1.69,1.73,1.74,1.68,5364268.0,9175379.17
2019-09-04,1.73,1.72,1.75,1.71,3918864.0,6775346.08
2019-09-05,1.72,1.73,1.74,1.71,4307013.0,7445604.49
2019-09-06,1.74,1.71,1.74,1.69,4161833.0,7103271.4
2019-09-09,1.71,1.71,1.72,1.69,4101892.0,6980131.41
2019-09-10,1.7,1.71,1.73,1.69,3743816.0,6387581.43
2019-09-11,1.71,1.72,1.72,1.7,3754439.0,6413754.69
2019-09-12,1.72,1.71,1.72,1.7,2842486.0,4857079.72
2019-09-16,1.71,1.72,1.72,1.7,4064460.0,6931997.0
2019-09-17,1.71,1.71,1.75,1.69,6125900.0,10519141.0
2019-09-18,1.7,1.69,1.72,1.69,2899708.0,4929108.02
2019-09-19,1.69,1.68,1.7,1.66,4399250.0,7363282.5
2019-09-20,1.68,1.69,1.69,1.67,2748602.0,4617893.47
2019-09-23,1.68,1.63,1.68,1.62,4465625.0,7330013.02
2019-09-24,1.62,1.64,1.66,1.62,2981166.0,4904885.24
2019-09-25,1.63,1.64,1.64,1.62,2999900.0,4898578.0
2019-09-26,1.65,1.56,1.65,1.56,6749900.0,10659126.0
2019-09-27,1.54,1.53,1.56,1.51,4875100.0,7467825.0
2019-09-30,1.54,1.61,1.61,1.53,9947516.0,15843805.73
2019-10-08,1.61,1.6,1.62,1.58,3760858.0,6011879.22
2019-10-09,1.61,1.64,1.65,1.58,4143697.0,6721504.21
2019-10-10,1.64,1.65,1.65,1.62,3002000.0,4908532.0
2019-10-11,1.65,1.66,1.68,1.63,3751110.0,6196741.7
2019-10-14,1.66,1.69,1.7,1.65,8468800.0,14159546.98
2019-10-15,1.69,1.67,1.69,1.66,4251100.0,7090877.56
2019-10-16,1.72,1.67,1.75,1.65,6975300.0,11805828.7
2019-10-17,1.65,1.66,1.67,1.63,5029860.0,8257240.1
2019-10-18,1.66,1.64,1.67,1.62,7288830.0,11928971.9
2019-10-21,1.67,1.64,1.67,1.62,2343636.0,3825434.02
2019-10-22,1.63,1.64,1.64,1.62,2669000.0,4343985.0
2019-10-23,1.63,1.65,1.7,1.62,6840158.0,11287825.58
2019-10-24,1.65,1.64,1.67,1.62,2738762.0,4508512.3
2019-10-25,1.64,1.71,1.72,1.61,9054893.0,15230550.51
2019-10-28,1.64,1.64,1.69,1.62,8089300.0,13276675.0
2019-10-29,1.64,1.59,1.64,1.59,4226200.0,6819767.0
2019-10-30,1.6,1.57,1.6,1.51,9100271.0,13967153.73
2019-10-31,1.55,1.54,1.56,1.52,3461647.0,5306681.9
2019-11-01,1.53,1.52,1.53,1.48,4938880.0,7418064.0
2019-11-04,1.51,1.5,1.52,1.49,3918414.0,5880650.86
2019-11-05,1.49,1.49,1.5,1.46,4920200.0,7277576.59
2019-11-06,1.48,1.47,1.5,1.47,3768500.0,5569406.0
2019-11-07,1.48,1.51,1.52,1.46,5188114.0,7757446.14
2019-11-08,1.51,1.53,1.54,1.49,3515901.0,5361130.53
2019-11-11,1.52,1.52,1.56,1.5,3464000.0,5299176.0
2019-11-12,1.52,1.5,1.52,1.47,3089230.0,4589950.7
2019-11-13,1.5,1.49,1.51,1.47,2651301.0,3948433.49
2019-11-14,1.48,1.49,1.5,1.48,3102401.0,4610546.29
2019-11-15,1.49,1.51,1.55,1.49,5341418.0,8066414.18
2019-11-18,1.59,1.59,1.59,1.59,2907660.0,4623179.4
2019-11-19,1.67,1.67,1.67,1.67,736600.0,1230122.0
2019-11-20,1.75,1.75,1.75,1.75,738920.0,1293110.0
2019-11-21,1.8,1.84,1.84,1.71,26458599.0,47185693.26
2019-11-22,1.93,1.93,1.93,1.87,23398258.0,45094569.07
2019-11-25,1.96,2.03,2.03,1.91,30322633.0,60754336.0
2019-11-26,2.03,2.03,2.03,2.03,0.0,0.0
2019-11-27,2.03,2.03,2.03,2.03,0.0,0.0
2019-11-28,2.03,2.03,2.03,2.03,0.0,0.0
2019-11-29,2.03,2.03,2.03,2.03,0.0,0.0
2019-12-02,2.03,2.03,2.03,2.03,0.0,0.0
2019-12-03,2.03,2.13,2.13,2.03,11753133.0,24384334.29
2019-12-04,2.24,2.24,2.24,2.24,1069313.0,2395261.12
2019-12-05,2.35,2.35,2.35,2.35,2237638.0,5258449.3
2019-12-06,2.47,2.31,2.47,2.24,43121803.0,101681998.44
2019-12-09,2.31,2.2,2.31,2.19,23545790.0,52055837.3
2019-12-10,2.17,2.31,2.31,2.17,11835169.0,27074143.69
2019-12-11,2.35,2.19,2.35,2.19,24937127.0,56057139.42
2019-12-12,2.2,2.25,2.26,2.13,12469194.0,27398715.71
2019-12-13,2.23,2.31,2.36,2.2,19582612.0,45413840.59
2019-12-16,2.31,2.32,2.34,2.27,12622007.0,29158556.85
2019-12-17,2.33,2.33,2.35,2.29,10498817.0,24276615.84
2019-12-18,2.32,2.45,2.45,2.31,28494464.0,69077800.31
2019-12-19,2.53,2.43,2.53,2.34,27596554.0,66801828.12
2019-12-20,2.5,2.55,2.55,2.42,16120547.0,40499361.54
2019-12-23,2.66,2.68,2.68,2.6,15274955.0,40717156.06
2019-12-24,2.77,2.69,2.81,2.64,30425303.0,83297018.16
2019-12-25,2.59,2.57,2.64,2.56,21497345.0,55303647.02
2019-12-26,2.53,2.61,2.68,2.53,11785110.0,30650584.0
2019-12-27,2.58,2.61,2.67,2.58,6824967.0,17911011.98
2019-12-30,2.61,2.61,2.7,2.59,11759292.0,30922788.7
2019-12-31,2.57,2.48,2.63,2.48,12947330.0,32466070.0
2020-01-02,2.5,2.5,2.52,2.42,6741687.0,16709984.15
2020-01-03,2.49,2.5,2.53,2.48,4140086.0,10336323.54
2020-01-06,2.42,2.41,2.48,2.39,8329077.0,20164818.66
2020-01-07,2.43,2.4,2.44,2.34,5871143.0,14075934.67
2020-01-08,2.39,2.45,2.5,2.35,7855291.0,19102903.89
2020-01-09,2.45,2.44,2.49,2.41,5656400.0,13865094.16
2020-01-10,2.47,2.56,2.56,2.45,8051538.0,20236708.68
2020-01-13,2.54,2.55,2.61,2.52,6124642.0,15731609.99
2020-01-14,2.54,2.51,2.57,2.51,3816300.0,9667077.0
2020-01-15,2.51,2.45,2.54,2.4,5553800.0,13675754.0
2020-01-16,2.33,2.36,2.42,2.33,10798230.0,25446302.5
2020-01-17,2.34,2.24,2.35,2.24,8241600.0,18678130.0
2020-01-20,2.24,2.27,2.32,2.14,4227197.0,9546201.78
2020-01-21,2.32,2.28,2.37,2.28,6275911.0,14630600.12
2020-01-22,2.23,2.24,2.31,2.23,3031100.0,6865663.0
2020-01-23,2.27,2.22,2.29,2.2,3553583.0,7948838.02
2020-02-03,2.11,2.11,2.11,2.11,294300.0,620973.0
2020-02-04,2.0,2.0,2.06,2.0,8289201.0,16601058.0
2020-02-05,2.0,2.01,2.08,1.96,5530385.0,11186781.98
2020-02-06,2.0,2.08,2.11,1.91,15378904.0,30613342.93
2020-02-07,2.04,2.03,2.07,2.02,3399603.0,6930557.54
2020-02-10,2.01,2.06,2.08,2.0,2982153.0,6126018.54
2020-02-11,2.07,2.07,2.12,2.03,4483200.0,9304121.0
2020-02-12,2.08,2.12,2.15,2.06,3634554.0,7655307.7
2020-02-13,2.11,2.04,2.15,2.01,5486860.0,11331529.5
2020-02-14,2.04,2.03,2.06,2.02,2797967.0,5690418.77
2020-02-17,2.05,2.09,2.12,2.04,4218972.0,8805574.88
2020-02-18,2.11,2.09,2.13,2.05,7179616.0,14985796.4
2020-02-19,2.07,2.05,2.08,2.03,6630962.0,13613675.28
2020-02-20,2.05,2.04,2.05,2.01,7654428.0,15531971.62
2020-02-21,2.04,2.03,2.06,2.01,6241360.0,12686672.6
2020-02-24,2.03,1.98,2.03,1.95,10345146.0,20506281.9
2020-02-25,1.96,1.93,1.96,1.9,7614326.0,14694746.84
2020-02-26,1.94,1.98,2.03,1.92,7590994.0,15081340.3
2020-02-27,2.0,1.98,2.01,1.97,5304224.0,10529215.28
2020-02-28,1.92,1.9,1.93,1.89,5826201.0,11132143.89
2020-03-02,1.92,1.95,1.96,1.91,5965428.0,11514033.38
2020-03-03,1.94,1.94,1.97,1.93,4924550.0,9593788.0
2020-03-04,1.95,2.0,2.02,1.93,6226298.0,12337989.61
2020-03-05,2.01,2.1,2.1,1.99,13341451.0,27717566.76
2020-03-06,2.11,2.18,2.21,2.1,13297459.0,28616451.61
2020-03-09,2.18,2.14,2.24,2.14,10202207.0,22288502.3
2020-03-10,2.09,2.16,2.17,2.04,6082854.0,12739770.58
2020-03-11,2.15,2.18,2.27,2.13,6109100.0,13475622.97
2020-03-12,2.13,2.13,2.19,2.08,5262410.0,11196788.8
2020-03-13,2.03,2.09,2.1,2.03,5899750.0,12191775.4
2020-03-16,2.09,2.05,2.12,2.02,4900851.0,10215505.04
2020-03-17,2.03,2.04,2.07,1.96,3783334.0,7646044.0
2020-03-18,2.05,2.03,2.1,2.03,3964000.0,8185151.0
2020-03-19,2.03,2.0,2.03,1.96,3270910.0,6533701.9
2020-03-20,2.01,2.02,2.03,1.98,1895975.0,3813803.22
2020-03-23,1.97,1.97,2.01,1.97,2626900.0,5217870.0
2020-03-24,1.99,2.0,2.02,1.97,2038532.0,4068428.36
2020-03-25,2.03,2.02,2.06,2.01,2321302.0,4704588.06
2020-03-26,2.02,2.03,2.07,2.0,3458227.0,7035718.84
2020-03-27,2.05,2.04,2.06,2.02,2883600.0,5880103.0
2020-03-30,2.01,2.03,2.03,2.0,2031281.0,4089877.6
2020-03-31,2.03,2.01,2.05,1.98,2410683.0,4861275.02
2020-04-01,2.01,1.98,2.01,1.98,2320053.0,4622917.74
2020-04-02,1.97,2.0,2.0,1.96,2095916.0,4150534.84
2020-04-03,1.98,2.1,2.1,1.97,5527293.0,11282945.62
2020-04-07,2.19,2.12,2.21,2.11,10116278.0,21972288.36
2020-04-08,2.11,2.18,2.2,2.08,7270908.0,15637712.24
2020-04-09,2.19,2.18,2.21,2.15,4205334.0,9117857.64
2020-04-10,2.17,2.19,2.2,2.15,3407609.0,7405716.96
2020-04-13,2.18,2.3,2.3,2.17,7913957.0,17969401.66
2020-04-14,2.32,2.39,2.42,2.3,8088586.0,19275756.24
2020-04-15,2.29,2.27,2.35,2.27,8406600.0,19314478.0
2020-04-16,2.23,2.17,2.26,2.16,8096378.0,17622717.22
2020-04-17,2.17,2.2,2.21,2.11,4565066.0,9936073.24
2020-04-20,2.21,2.15,2.21,2.1,4975617.0,10607475.07
2020-04-21,2.14,2.2,2.23,2.12,2982764.0,6507878.22
2020-04-22,2.18,2.23,2.27,2.18,2999345.0,6642035.87
2020-04-23,2.22,2.15,2.24,2.14,4379171.0,9528045.84
2020-04-24,2.15,2.15,2.19,2.13,2239290.0,4831970.8
2020-04-27,2.13,2.09,2.14,2.08,4675501.0,9838011.07
2020-04-28,2.1,2.07,2.14,2.04,2659427.0,5526666.12
2020-04-29,2.06,2.07,2.08,2.05,1424113.0,2942061.23
2020-04-30,2.08,2.17,2.17,2.08,5385116.0,11571729.64
2020-05-06,2.15,2.18,2.2,2.12,6957335.0,15069292.07
2020-05-07,2.19,2.2,2.22,2.16,3059795.0,6696129.07
2020-05-08,2.2,2.2,2.22,2.17,1778904.0,3889488.68
2020-05-11,2.19,2.14,2.2,2.12,2732434.0,5874778.42
2020-05-12,2.13,2.13,2.17,2.1,2096040.0,4478881.2
2020-05-13,2.13,2.14,2.16,2.11,1649470.0,3525263.6
2020-05-14,2.14,2.1,2.14,2.1,1879600.0,3968729.0
2020-05-15,2.1,2.08,2.13,2.07,2620850.0,5497889.0
2020-05-18,2.09,2.04,2.09,2.0,2888083.0,5888109.2
2020-05-19,2.02,2.11,2.12,1.99,2937762.0,6050946.91
2020-05-20,2.09,2.07,2.1,2.05,1560700.0,3239015.94
2020-05-21,2.07,2.05,2.1,2.03,1200700.0,2485264.0
2020-05-22,1.95,1.97,2.0,1.95,3430266.0,6779020.36
2020-05-25,1.94,2.06,2.07,1.94,3879974.0,7911851.53
2020-05-26,2.06,2.01,2.06,1.96,4645230.0,9281003.31
2020-05-27,2.0,1.96,2.0,1.91,2487126.0,4874466.96
2020-05-28,1.95,1.95,1.97,1.94,975582.0,1905319.9
2020-05-29,1.95,1.96,1.97,1.92,1302480.0,2529148.0
2020-06-01,1.96,2.0,2.0,1.95,1273534.0,2533621.66
2020-06-02,2.0,2.0,2.0,1.97,1045240.0,2075269.2
2020-06-03,1.99,2.01,2.01,1.99,891083.0,1779721.17
2020-06-04,2.0,1.99,2.01,1.97,1168693.0,2323268.21
2020-06-05,1.98,1.95,1.98,1.92,4286190.0,8347483.3
2020-06-08,1.96,1.95,1.96,1.91,2826231.0,5459734.42
2020-06-09,1.99,1.98,1.99,1.96,2082581.0,4126171.38
2020-06-10,1.98,1.95,1.98,1.92,1292500.0,2510891.0
2020-06-11,1.95,1.95,1.95,1.95,0.0,0.0
2020-06-12,2.03,2.05,2.05,2.0,9109685.0,18630340.57
2020-06-15,1.96,1.97,2.05,1.95,9813018.0,19552279.46
2020-06-16,1.96,1.95,1.99,1.93,3418981.0,6673664.15
2020-06-17,1.94,1.94,1.97,1.93,2876829.0,5588501.46
2020-06-18,1.92,1.94,1.95,1.92,1880823.0,3649029.39
2020-06-19,1.94,1.93,1.95,1.92,1742051.0,3366316.43
2020-06-22,1.93,1.98,1.98,1.93,2989092.0,5867284.4
2020-06-23,1.97,1.95,1.98,1.95,2823163.0,5535715.42
2020-06-24,1.97,1.95,1.97,1.94,1586000.0,3096519.0
2020-06-29,1.97,1.95,1.97,1.94,2226410.0,4344779.4
2020-06-30,2.0,2.04,2.05,1.99,7670387.0,15640044.59
2020-07-01,2.01,2.01,2.03,1.97,3609464.0,7229706.36
2020-07-02,2.0,2.0,2.01,1.98,2197141.0,4376188.96
2020-07-03,1.99,2.0,2.0,1.98,2171722.0,4319660.68
2020-07-06,2.0,2.02,2.03,1.98,6762079.0,13543966.8
2020-07-07,2.01,2.02,2.02,1.98,8955414.0,17933434.74
2020-07-08,2.02,2.11,2.12,2.02,11457206.0,24025037.82
2020-07-09,2.1,2.22,2.22,2.09,10533193.0,23165195.45
2020-07-10,2.18,2.28,2.33,2.18,13126636.0,29750023.64
2020-07-13,2.28,2.25,2.37,2.22,11221537.0,25568402.24
2020-07-14,2.22,2.15,2.26,2.14,10957589.0,23828709.9
2020-07-15,2.17,2.13,2.19,2.07,5119317.0,10849910.31
2020-07-16,2.12,2.11,2.19,2.1,5639700.0,12109831.9
2020-07-17,2.09,2.1,2.13,2.08,2970942.0,6256825.66
2020-07-20,2.11,2.18,2.21,2.11,4512306.0,9806409.08
2020-07-21,2.19,2.17,2.23,2.1,7303201.0,15846269.16
2020-07-22,2.17,2.26,2.28,2.15,9186986.0,20534239.65
2020-07-23,2.25,2.31,2.35,2.23,12965429.0,29731849.74
2020-07-24,2.31,2.24,2.38,2.2,9816500.0,22528670.28
2020-07-27,2.25,2.35,2.35,2.25,6853521.0,16043884.53
2020-07-28,2.45,2.47,2.47,2.4,5639700.0,13874195.0
2020-07-29,2.59,2.59,2.59,2.59,1446098.0,3745393.82
2020-07-30,2.72,2.71,2.72,2.58,38033461.0,102428249.85
2020-07-31,2.75,2.69,2.75,2.62,12769237.0,34253097.12
2020-08-03,2.66,2.57,2.7,2.57,13758570.0,36069015.9
2020-08-04,2.57,2.7,2.7,2.47,12961535.0,33662601.12
2020-08-05,2.69,2.78,2.82,2.67,12282171.0,33953180.33
2020-08-06,2.79,2.74,2.8,2.69,5106706.0,13964903.41
2020-08-07,2.74,2.86,2.87,2.69,7633316.0,21519631.48
2020-08-10,2.92,3.0,3.0,2.92,8682538.0,25976009.16
2020-08-11,3.1,3.15,3.15,3.08,20017194.0,62868773.59
2020-08-12,3.1,3.16,3.27,2.99,17200524.0,53195638.61
2020-08-13,3.2,3.17,3.24,3.11,4510390.0,14252753.34
2020-08-14,3.17,3.01,3.22,3.01,12205968.0,37344131.87
2020-08-17,2.86,2.88,2.95,2.86,18428986.0,52957185.2
2020-08-18,2.86,2.98,3.0,2.83,8251713.0,24442545.91
2020-08-19,3.01,2.94,3.02,2.93,5718554.0,16969385.47
2020-08-20,2.91,2.95,3.01,2.91,4696700.0,13936076.0
2020-08-21,2.99,2.98,3.01,2.96,3492511.0,10422552.89
2020-08-24,2.99,2.85,2.99,2.83,10046018.0,28901613.64
2020-08-25,2.83,2.72,2.83,2.71,12228402.0,33309725.42
2020-08-26,2.72,2.72,2.75,2.65,4708952.0,12774778.9
2020-08-27,2.72,2.79,2.84,2.72,3339914.0,9315575.47
2020-08-28,2.82,2.82,2.86,2.79,3485180.0,9834107.2
2020-08-31,2.89,2.96,2.96,2.85,6823178.0,20046053.72
2020-09-01,2.93,2.91,3.0,2.9,7729400.0,22798524.7
2020-09-02,2.91,2.82,2.91,2.8,5356083.0,15165530.04
2020-09-03,2.81,2.7,2.83,2.68,10381055.0,28237839.98
2020-09-04,2.62,2.7,2.72,2.6,3673731.0,9768925.3
2020-09-07,2.7,2.72,2.77,2.67,3208130.0,8734518.3
2020-09-08,2.73,2.73,2.75,2.66,2732287.0,7411285.09
2020-09-09,2.7,2.64,2.73,2.63,3308001.0,8848594.67
2020-09-10,2.65,2.61,2.73,2.6,4343527.0,11537429.47
2020-09-11,2.62,2.68,2.68,2.55,2718811.0,7136660.61
2020-09-14,2.69,2.66,2.72,2.62,3489418.0,9252541.68
2020-09-15,2.66,2.62,2.68,2.58,2000154.0,5221311.4
2020-09-16,2.62,2.61,2.63,2.59,1716254.0,4475556.4
2020-09-17,2.6,2.64,2.64,2.58,1309626.0,3403896.08
2020-09-18,2.6,2.65,2.68,2.6,1528451.0,4062043.64
2020-09-21,2.66,2.62,2.69,2.6,1333810.0,3491845.0
2020-09-22,2.65,2.6,2.65,2.6,935806.0,2439404.6
2020-09-23,2.6,2.57,2.63,2.49,2144864.0,5553818.68
2020-09-24,2.56,2.44,2.57,2.44,6377000.0,15683098.0
2020-09-25,2.44,2.32,2.44,2.32,4408200.0,10267310.0
2020-09-28,2.24,2.28,2.32,2.2,6327302.0,14141257.08
2020-09-29,2.26,2.17,2.27,2.17,4854558.0,10704081.68
2020-09-30,2.18,2.17,2.18,2.13,2732719.0,5880742.88
2020-10-09,2.22,2.28,2.28,2.2,2395200.0,5392975.0
2020-10-12,2.32,2.39,2.39,2.31,3185286.0,7561115.54
2020-10-13,2.45,2.51,2.51,2.41,6084023.0,15156123.13
2020-10-14,2.51,2.4,2.51,2.39,3931547.0,9607082.47
2020-10-15,2.4,2.43,2.48,2.4,973600.0,2375917.0
2020-10-16,2.43,2.42,2.47,2.4,1005983.0,2451306.52
2020-10-19,2.42,2.39,2.48,2.39,1469800.0,3576405.0
2020-10-20,2.42,2.31,2.42,2.27,2969864.0,6868813.02
2020-10-21,2.28,2.31,2.32,2.27,1409230.0,3226045.7
2020-10-22,2.31,2.25,2.31,2.2,2453130.0,5503692.2
2020-10-23,2.25,2.27,2.35,2.23,3219700.0,7358916.0
2020-10-26,2.29,2.22,2.29,2.21,1997900.0,4461819.0
2020-10-27,2.21,2.2,2.24,2.19,1556501.0,3446397.2
2020-10-28,2.19,2.23,2.24,2.19,2242742.0,4984143.24
2020-10-29,2.2,2.16,2.21,2.12,4897500.0,10554081.0
2020-10-30,2.17,2.14,2.18,2.08,3263200.0,7013361.0
2020-11-02,2.15,2.16,2.18,2.12,2695120.0,5813046.9
2020-11-03,2.19,2.15,2.19,2.13,1959169.0,4206884.35
2020-11-04,2.18,2.14,2.18,2.12,1465750.0,3124315.0
2020-11-05,2.1,2.14,2.16,2.1,1398064.0,2967715.34
2020-11-06,2.03,2.03,2.09,2.03,8208500.0,16676110.3
2020-11-09,2.03,2.02,2.06,1.93,14735891.0,28999708.96
2020-11-10,1.93,1.97,2.0,1.93,8588050.0,16914439.0
2020-11-11,1.95,1.95,1.98,1.91,4228940.0,8233669.92
2020-11-12,1.96,1.97,1.98,1.94,2324521.0,4546572.15
2020-11-13,1.98,2.02,2.02,1.98,4024836.0,8049802.2
2020-11-16,1.98,2.0,2.01,1.95,2906930.0,5783558.4
2020-11-17,1.99,2.1,2.1,1.98,3954569.0,8237348.9
2020-11-18,2.14,2.21,2.21,2.13,2953429.0,6474604.02
2020-11-19,2.32,2.21,2.32,2.2,12467784.0,28452157.67
2020-11-20,2.19,2.14,2.2,2.1,6407030.0,13675705.0
2020-11-23,2.13,2.15,2.16,2.1,2844152.0,6071063.18
2020-11-24,2.15,2.26,2.26,2.15,5936690.0,13317360.54
2020-11-25,2.27,2.18,2.32,2.17,4715991.0,10463024.35
2020-11-26,2.18,2.18,2.2,2.08,2681503.0,5721510.36
2020-11-27,2.2,2.16,2.23,2.08,2931450.0,6303634.5
2020-11-30,2.15,2.15,2.18,2.1,1613800.0,3456357.0
2020-12-01,2.14,2.17,2.17,2.12,1773443.0,3799679.16
2020-12-02,2.16,2.14,2.16,2.12,2765457.0,5895176.7
2020-12-03,2.05,2.07,2.11,2.04,5249739.0,10843802.11
2020-12-04,2.06,2.07,2.09,2.03,1677306.0,3456858.31
2020-12-07,2.06,2.05,2.09,2.04,1798140.0,3695583.0
2020-12-08,2.07,2.02,2.07,2.0,2772580.0,5624031.2
2020-12-09,2.02,2.02,2.03,2.01,2043800.0,4124723.0
2020-12-10,2.02,1.99,2.03,1.95,2996377.0,5984207.48
2020-12-11,2.0,2.01,2.02,1.96,2213310.0,4405670.1
2020-12-14,2.01,2.0,2.01,1.96,2165563.0,4296162.63
2020-12-15,1.94,1.99,2.0,1.94,2232601.0,4417090.72
2020-12-16,1.97,1.95,1.99,1.94,2534807.0,4951269.58
2020-12-17,1.94,1.93,1.96,1.88,2485690.0,4782709.8
2020-12-18,1.93,1.93,1.93,1.88,2664547.0,5087389.77
2020-12-21,1.93,1.88,1.95,1.87,2767100.0,5249719.0
2020-12-22,1.88,1.79,1.88,1.79,7231300.0,13046468.0
2020-12-23,1.8,1.7,1.83,1.7,4253500.0,7267505.0
2020-12-24,1.66,1.64,1.73,1.62,9578406.0,15744705.34
2020-12-25,1.62,1.69,1.72,1.6,2738300.0,4609281.0
2020-12-28,1.69,1.77,1.77,1.69,2897200.0,5102508.0
2020-12-29,1.84,1.86,1.86,1.84,1526382.0,2827262.52
2020-12-30,1.95,1.95,1.95,1.95,719490.0,1403005.5
2020-12-31,2.05,1.88,2.05,1.85,11833672.0,22635676.92
2021-01-04,1.96,1.91,1.96,1.86,6744026.0,12899711.6
2021-01-05,1.88,1.95,1.95,1.87,4565838.0,8700203.93
2021-01-06,1.96,1.92,1.96,1.9,2259790.0,4351617.4
2021-01-07,1.89,1.9,1.92,1.88,2365770.0,4468791.3
2021-01-08,1.87,1.84,1.88,1.82,2559310.0,4732158.5
2021-01-11,1.81,1.8,1.84,1.75,2123120.0,3796416.0
2021-01-12,1.8,1.75,1.81,1.73,2878976.0,5038248.44
2021-01-13,1.75,1.75,1.76,1.68,2004594.0,3451493.41
2021-01-14,1.74,1.82,1.82,1.74,1841135.0,3305996.71
2021-01-15,1.83,1.81,1.84,1.78,1595451.0,2871523.38
2021-01-18,1.72,1.77,1.79,1.72,8179815.0,14176915.95
2021-01-19,1.74,1.75,1.77,1.72,1430154.0,2485748.21
2021-01-20,1.74,1.71,1.74,1.67,2556101.0,4337517.71
2021-01-21,1.71,1.67,1.72,1.65,4129627.0,6905443.57
2021-01-22,1.67,1.69,1.69,1.65,2258980.0,3772426.0
2021-01-25,1.68,1.66,1.68,1.65,2966234.0,4930744.8
2021-01-26,1.67,1.63,1.67,1.6,4013779.0,6553273.77
2021-01-27,1.65,1.62,1.65,1.6,2985100.0,4833985.0
2021-01-28,1.62,1.55,1.64,1.54,5517600.0,8717359.0
2021-01-29,1.55,1.47,1.55,1.47,5824950.0,8642142.5
2021-02-01,1.49,1.54,1.54,1.48,1423450.0,2182953.0
2021-02-02,1.62,1.55,1.62,1.54,3829030.0,5989903.8
2021-02-03,1.54,1.5,1.55,1.48,2303751.0,3475806.51
2021-02-04,1.53,1.49,1.54,1.46,2200026.0,3272947.96
2021-02-05,1.5,1.56,1.56,1.5,4174653.0,6508617.68
2021-02-08,1.57,1.5,1.6,1.49,4821700.0,7410525.54
2021-02-09,1.5,1.58,1.58,1.46,5609630.0,8761764.4
2021-02-10,1.56,1.66,1.66,1.56,4425738.0,7262539.11
2021-02-18,1.7,1.74,1.74,1.69,5935816.0,10302720.84
2021-02-19,1.74,1.76,1.76,1.71,4196811.0,7280392.92
2021-02-22,1.76,1.75,1.84,1.74,4606800.0,8331043.0
2021-02-23,1.76,1.75,1.77,1.71,2034840.0,3526564.6
2021-02-24,1.76,1.72,1.76,1.71,2069200.0,3578844.0
2021-02-25,1.72,1.69,1.72,1.68,2721840.0,4606720.6
2021-02-26,1.66,1.69,1.69,1.64,2199503.0,3658670.98
2021-03-01,1.65,1.77,1.77,1.65,5297975.0,9240672.13
2021-03-02,1.78,1.73,1.78,1.72,3067934.0,5337374.82
2021-03-03,1.73,1.73,1.74,1.7,2611325.0,4487546.86
2021-03-04,1.73,1.77,1.82,1.72,4498203.0,7984736.52
2021-03-05,1.68,1.78,1.78,1.68,4240501.0,7408429.74
2021-03-08,1.78,1.81,1.86,1.72,7923600.0,14128353.0
2021-03-09,1.77,1.74,1.81,1.73,4585070.0,8074222.1
2021-03-10,1.76,1.72,1.76,1.7,3653800.0,6311766.0
2021-03-11,1.72,1.72,1.75,1.7,2486384.0,4279087.36
2021-03-12,1.71,1.69,1.71,1.67,2958320.0,4994490.6
2021-03-15,1.68,1.69,1.72,1.67,2285000.0,3861039.98
2021-03-16,1.68,1.71,1.72,1.66,2925501.0,4939721.68
2021-03-17,1.71,1.71,1.74,1.69,2635901.0,4502091.7
2021-03-18,1.7,1.74,1.76,1.69,3879370.0,6694438.1
2021-03-19,1.71,1.7,1.73,1.69,3143050.0,5366135.0
2021-03-22,1.7,1.71,1.73,1.69,2811139.0,4814970.01
2021-03-23,1.72,1.72,1.75,1.71,3403727.0,5877341.44
2021-03-24,1.71,1.69,1.72,1.67,4301520.0,7277444.6
2021-03-25,1.69,1.67,1.7,1.66,2302451.0,3865784.68
2021-03-26,1.67,1.68,1.7,1.65,1920831.0,3221553.08
2021-03-29,1.69,1.69,1.7,1.66,2758506.0,4630866.02
2021-03-30,1.69,1.67,1.69,1.65,2389132.0,3992514.12
2021-03-31,1.64,1.66,1.67,1.63,2000230.0,3304329.2
2021-04-01,1.66,1.71,1.73,1.65,4652464.0,7874045.44
2021-04-02,1.72,1.7,1.72,1.68,2702764.0,4572316.16
2021-04-06,1.7,1.69,1.7,1.65,5772280.0,9641427.6
2021-04-07,1.69,1.67,1.69,1.65,3200151.0,5333695.65
2021-04-08,1.67,1.67,1.69,1.66,3760421.0,6283198.07
2021-04-09,1.66,1.67,1.68,1.65,3396700.0,5656851.0
2021-04-12,1.67,1.65,1.67,1.64,2872900.0,4751486.0
2021-04-13,1.64,1.6,1.64,1.58,4307881.0,6952051.98
2021-04-14,1.59,1.63,1.64,1.57,3183400.0,5097891.0
2021-04-15,1.66,1.71,1.71,1.64,11562337.0,19670199.27
2021-04-16,1.69,1.74,1.76,1.67,13788284.0,23474444.29
2021-04-19,1.72,1.72,1.77,1.7,9108950.0,15772778.33
2021-04-20,1.71,1.72,1.74,1.7,5749789.0,9893590.16
2021-04-21,1.71,1.74,1.76,1.69,7565748.0,13080577.07
2021-04-22,1.74,1.83,1.83,1.73,13636258.0,24471209.46
